"Year","Month","Temp","mes_numerico","theta","r"
1880,"Jan",-0.19,1,0,0.73
1880,"Feb",-0.25,2,0.523598775598299,0.67
1880,"Mar",-0.1,3,1.0471975511966,0.82
1880,"Apr",-0.17,4,1.5707963267949,0.75
1880,"May",-0.11,5,2.0943951023932,0.81
1880,"Jun",-0.22,6,2.61799387799149,0.7
1880,"Jul",-0.19,7,3.14159265358979,0.73
1880,"Aug",-0.11,8,3.66519142918809,0.81
1880,"Sep",-0.15,9,4.18879020478639,0.77
1880,"Oct",-0.24,10,4.71238898038469,0.68
1880,"Nov",-0.23,11,5.23598775598299,0.69
1880,"Dec",-0.18,12,5.75958653158129,0.74
1881,"Jan",-0.2,1,0,0.72
1881,"Feb",-0.15,2,0.523598775598299,0.77
1881,"Mar",0.03,3,1.0471975511966,0.95
1881,"Apr",0.04,4,1.5707963267949,0.96
1881,"May",0.05,5,2.0943951023932,0.97
1881,"Jun",-0.19,6,2.61799387799149,0.73
1881,"Jul",0,7,3.14159265358979,0.92
1881,"Aug",-0.04,8,3.66519142918809,0.88
1881,"Sep",-0.16,9,4.18879020478639,0.76
1881,"Oct",-0.22,10,4.71238898038469,0.7
1881,"Nov",-0.19,11,5.23598775598299,0.73
1881,"Dec",-0.07,12,5.75958653158129,0.85
1882,"Jan",0.15,1,0,1.07
1882,"Feb",0.13,2,0.523598775598299,1.05
1882,"Mar",0.04,3,1.0471975511966,0.96
1882,"Apr",-0.17,4,1.5707963267949,0.75
1882,"May",-0.15,5,2.0943951023932,0.77
1882,"Jun",-0.23,6,2.61799387799149,0.69
1882,"Jul",-0.17,7,3.14159265358979,0.75
1882,"Aug",-0.08,8,3.66519142918809,0.84
1882,"Sep",-0.15,9,4.18879020478639,0.77
1882,"Oct",-0.24,10,4.71238898038469,0.68
1882,"Nov",-0.17,11,5.23598775598299,0.75
1882,"Dec",-0.36,12,5.75958653158129,0.56
1883,"Jan",-0.3,1,0,0.62
1883,"Feb",-0.37,2,0.523598775598299,0.55
1883,"Mar",-0.13,3,1.0471975511966,0.79
1883,"Apr",-0.18,4,1.5707963267949,0.74
1883,"May",-0.17,5,2.0943951023932,0.75
1883,"Jun",-0.08,6,2.61799387799149,0.84
1883,"Jul",-0.07,7,3.14159265358979,0.85
1883,"Aug",-0.14,8,3.66519142918809,0.78
1883,"Sep",-0.21,9,4.18879020478639,0.71
1883,"Oct",-0.11,10,4.71238898038469,0.81
1883,"Nov",-0.23,11,5.23598775598299,0.69
1883,"Dec",-0.11,12,5.75958653158129,0.81
1884,"Jan",-0.13,1,0,0.79
1884,"Feb",-0.08,2,0.523598775598299,0.84
1884,"Mar",-0.36,3,1.0471975511966,0.56
1884,"Apr",-0.41,4,1.5707963267949,0.51
1884,"May",-0.34,5,2.0943951023932,0.58
1884,"Jun",-0.36,6,2.61799387799149,0.56
1884,"Jul",-0.3,7,3.14159265358979,0.62
1884,"Aug",-0.27,8,3.66519142918809,0.65
1884,"Sep",-0.27,9,4.18879020478639,0.65
1884,"Oct",-0.25,10,4.71238898038469,0.67
1884,"Nov",-0.34,11,5.23598775598299,0.58
1884,"Dec",-0.31,12,5.75958653158129,0.61
1885,"Jan",-0.59,1,0,0.33
1885,"Feb",-0.34,2,0.523598775598299,0.58
1885,"Mar",-0.27,3,1.0471975511966,0.65
1885,"Apr",-0.42,4,1.5707963267949,0.5
1885,"May",-0.46,5,2.0943951023932,0.46
1885,"Jun",-0.44,6,2.61799387799149,0.48
1885,"Jul",-0.34,7,3.14159265358979,0.58
1885,"Aug",-0.32,8,3.66519142918809,0.6
1885,"Sep",-0.29,9,4.18879020478639,0.63
1885,"Oct",-0.24,10,4.71238898038469,0.68
1885,"Nov",-0.24,11,5.23598775598299,0.68
1885,"Dec",-0.11,12,5.75958653158129,0.81
1886,"Jan",-0.44,1,0,0.48
1886,"Feb",-0.51,2,0.523598775598299,0.41
1886,"Mar",-0.43,3,1.0471975511966,0.49
1886,"Apr",-0.29,4,1.5707963267949,0.63
1886,"May",-0.25,5,2.0943951023932,0.67
1886,"Jun",-0.35,6,2.61799387799149,0.57
1886,"Jul",-0.19,7,3.14159265358979,0.73
1886,"Aug",-0.31,8,3.66519142918809,0.61
1886,"Sep",-0.24,9,4.18879020478639,0.68
1886,"Oct",-0.28,10,4.71238898038469,0.64
1886,"Nov",-0.28,11,5.23598775598299,0.64
1886,"Dec",-0.25,12,5.75958653158129,0.67
1887,"Jan",-0.73,1,0,0.19
1887,"Feb",-0.58,2,0.523598775598299,0.34
1887,"Mar",-0.36,3,1.0471975511966,0.56
1887,"Apr",-0.36,4,1.5707963267949,0.56
1887,"May",-0.31,5,2.0943951023932,0.61
1887,"Jun",-0.25,6,2.61799387799149,0.67
1887,"Jul",-0.26,7,3.14159265358979,0.66
1887,"Aug",-0.36,8,3.66519142918809,0.56
1887,"Sep",-0.26,9,4.18879020478639,0.66
1887,"Oct",-0.36,10,4.71238898038469,0.56
1887,"Nov",-0.26,11,5.23598775598299,0.66
1887,"Dec",-0.34,12,5.75958653158129,0.58
1888,"Jan",-0.34,1,0,0.58
1888,"Feb",-0.36,2,0.523598775598299,0.56
1888,"Mar",-0.41,3,1.0471975511966,0.51
1888,"Apr",-0.21,4,1.5707963267949,0.71
1888,"May",-0.22,5,2.0943951023932,0.7
1888,"Jun",-0.17,6,2.61799387799149,0.75
1888,"Jul",-0.11,7,3.14159265358979,0.81
1888,"Aug",-0.16,8,3.66519142918809,0.76
1888,"Sep",-0.12,9,4.18879020478639,0.8
1888,"Oct",0.01,10,4.71238898038469,0.93
1888,"Nov",0.02,11,5.23598775598299,0.94
1888,"Dec",-0.05,12,5.75958653158129,0.87
1889,"Jan",-0.1,1,0,0.82
1889,"Feb",0.16,2,0.523598775598299,1.08
1889,"Mar",0.06,3,1.0471975511966,0.98
1889,"Apr",0.09,4,1.5707963267949,1.01
1889,"May",-0.01,5,2.0943951023932,0.91
1889,"Jun",-0.1,6,2.61799387799149,0.82
1889,"Jul",-0.07,7,3.14159265358979,0.85
1889,"Aug",-0.2,8,3.66519142918809,0.72
1889,"Sep",-0.24,9,4.18879020478639,0.68
1889,"Oct",-0.26,10,4.71238898038469,0.66
1889,"Nov",-0.34,11,5.23598775598299,0.58
1889,"Dec",-0.3,12,5.75958653158129,0.62
1890,"Jan",-0.43,1,0,0.49
1890,"Feb",-0.45,2,0.523598775598299,0.47
1890,"Mar",-0.41,3,1.0471975511966,0.51
1890,"Apr",-0.3,4,1.5707963267949,0.62
1890,"May",-0.4,5,2.0943951023932,0.52
1890,"Jun",-0.25,6,2.61799387799149,0.67
1890,"Jul",-0.28,7,3.14159265358979,0.64
1890,"Aug",-0.39,8,3.66519142918809,0.53
1890,"Sep",-0.37,9,4.18879020478639,0.55
1890,"Oct",-0.25,10,4.71238898038469,0.67
1890,"Nov",-0.44,11,5.23598775598299,0.48
1890,"Dec",-0.32,12,5.75958653158129,0.6
1891,"Jan",-0.34,1,0,0.58
1891,"Feb",-0.47,2,0.523598775598299,0.45
1891,"Mar",-0.18,3,1.0471975511966,0.74
1891,"Apr",-0.28,4,1.5707963267949,0.64
1891,"May",-0.17,5,2.0943951023932,0.75
1891,"Jun",-0.21,6,2.61799387799149,0.71
1891,"Jul",-0.18,7,3.14159265358979,0.74
1891,"Aug",-0.17,8,3.66519142918809,0.75
1891,"Sep",-0.16,9,4.18879020478639,0.76
1891,"Oct",-0.22,10,4.71238898038469,0.7
1891,"Nov",-0.32,11,5.23598775598299,0.6
1891,"Dec",-0.04,12,5.75958653158129,0.88
1892,"Jan",-0.29,1,0,0.63
1892,"Feb",-0.12,2,0.523598775598299,0.8
1892,"Mar",-0.4,3,1.0471975511966,0.52
1892,"Apr",-0.33,4,1.5707963267949,0.59
1892,"May",-0.23,5,2.0943951023932,0.69
1892,"Jun",-0.22,6,2.61799387799149,0.7
1892,"Jul",-0.31,7,3.14159265358979,0.61
1892,"Aug",-0.27,8,3.66519142918809,0.65
1892,"Sep",-0.17,9,4.18879020478639,0.75
1892,"Oct",-0.14,10,4.71238898038469,0.78
1892,"Nov",-0.42,11,5.23598775598299,0.5
1892,"Dec",-0.39,12,5.75958653158129,0.53
1893,"Jan",-0.81,1,0,0.11
1893,"Feb",-0.56,2,0.523598775598299,0.36
1893,"Mar",-0.23,3,1.0471975511966,0.69
1893,"Apr",-0.28,4,1.5707963267949,0.64
1893,"May",-0.34,5,2.0943951023932,0.58
1893,"Jun",-0.25,6,2.61799387799149,0.67
1893,"Jul",-0.14,7,3.14159265358979,0.78
1893,"Aug",-0.25,8,3.66519142918809,0.67
1893,"Sep",-0.22,9,4.18879020478639,0.7
1893,"Oct",-0.18,10,4.71238898038469,0.74
1893,"Nov",-0.19,11,5.23598775598299,0.73
1893,"Dec",-0.32,12,5.75958653158129,0.6
1894,"Jan",-0.53,1,0,0.39
1894,"Feb",-0.3,2,0.523598775598299,0.62
1894,"Mar",-0.24,3,1.0471975511966,0.68
1894,"Apr",-0.46,4,1.5707963267949,0.46
1894,"May",-0.31,5,2.0943951023932,0.61
1894,"Jun",-0.41,6,2.61799387799149,0.51
1894,"Jul",-0.24,7,3.14159265358979,0.68
1894,"Aug",-0.24,8,3.66519142918809,0.68
1894,"Sep",-0.28,9,4.18879020478639,0.64
1894,"Oct",-0.23,10,4.71238898038469,0.69
1894,"Nov",-0.26,11,5.23598775598299,0.66
1894,"Dec",-0.22,12,5.75958653158129,0.7
1895,"Jan",-0.41,1,0,0.51
1895,"Feb",-0.43,2,0.523598775598299,0.49
1895,"Mar",-0.33,3,1.0471975511966,0.59
1895,"Apr",-0.22,4,1.5707963267949,0.7
1895,"May",-0.28,5,2.0943951023932,0.64
1895,"Jun",-0.21,6,2.61799387799149,0.71
1895,"Jul",-0.17,7,3.14159265358979,0.75
1895,"Aug",-0.17,8,3.66519142918809,0.75
1895,"Sep",-0.12,9,4.18879020478639,0.8
1895,"Oct",-0.11,10,4.71238898038469,0.81
1895,"Nov",-0.17,11,5.23598775598299,0.75
1895,"Dec",-0.15,12,5.75958653158129,0.77
1896,"Jan",-0.23,1,0,0.69
1896,"Feb",-0.13,2,0.523598775598299,0.79
1896,"Mar",-0.27,3,1.0471975511966,0.65
1896,"Apr",-0.31,4,1.5707963267949,0.61
1896,"May",-0.16,5,2.0943951023932,0.76
1896,"Jun",-0.12,6,2.61799387799149,0.8
1896,"Jul",-0.03,7,3.14159265358979,0.89
1896,"Aug",-0.06,8,3.66519142918809,0.86
1896,"Sep",-0.08,9,4.18879020478639,0.84
1896,"Oct",0.06,10,4.71238898038469,0.98
1896,"Nov",-0.05,11,5.23598775598299,0.87
1896,"Dec",-0.05,12,5.75958653158129,0.87
1897,"Jan",-0.16,1,0,0.76
1897,"Feb",-0.17,2,0.523598775598299,0.75
1897,"Mar",-0.14,3,1.0471975511966,0.78
1897,"Apr",-0.03,4,1.5707963267949,0.89
1897,"May",-0.02,5,2.0943951023932,0.9
1897,"Jun",-0.12,6,2.61799387799149,0.8
1897,"Jul",-0.03,7,3.14159265358979,0.89
1897,"Aug",-0.1,8,3.66519142918809,0.82
1897,"Sep",-0.09,9,4.18879020478639,0.83
1897,"Oct",-0.13,10,4.71238898038469,0.79
1897,"Nov",-0.19,11,5.23598775598299,0.73
1897,"Dec",-0.21,12,5.75958653158129,0.71
1898,"Jan",-0.04,1,0,0.88
1898,"Feb",-0.31,2,0.523598775598299,0.61
1898,"Mar",-0.52,3,1.0471975511966,0.4
1898,"Apr",-0.31,4,1.5707963267949,0.61
1898,"May",-0.31,5,2.0943951023932,0.61
1898,"Jun",-0.2,6,2.61799387799149,0.72
1898,"Jul",-0.23,7,3.14159265358979,0.69
1898,"Aug",-0.27,8,3.66519142918809,0.65
1898,"Sep",-0.22,9,4.18879020478639,0.7
1898,"Oct",-0.35,10,4.71238898038469,0.57
1898,"Nov",-0.39,11,5.23598775598299,0.53
1898,"Dec",-0.24,12,5.75958653158129,0.68
1899,"Jan",-0.17,1,0,0.75
1899,"Feb",-0.39,2,0.523598775598299,0.53
1899,"Mar",-0.36,3,1.0471975511966,0.56
1899,"Apr",-0.21,4,1.5707963267949,0.71
1899,"May",-0.23,5,2.0943951023932,0.69
1899,"Jun",-0.32,6,2.61799387799149,0.6
1899,"Jul",-0.16,7,3.14159265358979,0.76
1899,"Aug",-0.09,8,3.66519142918809,0.83
1899,"Sep",-0.06,9,4.18879020478639,0.86
1899,"Oct",-0.04,10,4.71238898038469,0.88
1899,"Nov",0.12,11,5.23598775598299,1.04
1899,"Dec",-0.27,12,5.75958653158129,0.65
1900,"Jan",-0.37,1,0,0.55
1900,"Feb",-0.06,2,0.523598775598299,0.86
1900,"Mar",0,3,1.0471975511966,0.92
1900,"Apr",-0.1,4,1.5707963267949,0.82
1900,"May",-0.09,5,2.0943951023932,0.83
1900,"Jun",-0.11,6,2.61799387799149,0.81
1900,"Jul",-0.14,7,3.14159265358979,0.78
1900,"Aug",-0.09,8,3.66519142918809,0.83
1900,"Sep",-0.06,9,4.18879020478639,0.86
1900,"Oct",0.09,10,4.71238898038469,1.01
1900,"Nov",-0.08,11,5.23598775598299,0.84
1900,"Dec",-0.08,12,5.75958653158129,0.84
1901,"Jan",-0.22,1,0,0.7
1901,"Feb",-0.11,2,0.523598775598299,0.81
1901,"Mar",0.05,3,1.0471975511966,0.97
1901,"Apr",-0.03,4,1.5707963267949,0.89
1901,"May",-0.16,5,2.0943951023932,0.76
1901,"Jun",-0.12,6,2.61799387799149,0.8
1901,"Jul",-0.15,7,3.14159265358979,0.77
1901,"Aug",-0.21,8,3.66519142918809,0.71
1901,"Sep",-0.23,9,4.18879020478639,0.69
1901,"Oct",-0.29,10,4.71238898038469,0.63
1901,"Nov",-0.17,11,5.23598775598299,0.75
1901,"Dec",-0.28,12,5.75958653158129,0.64
1902,"Jan",-0.17,1,0,0.75
1902,"Feb",-0.09,2,0.523598775598299,0.83
1902,"Mar",-0.28,3,1.0471975511966,0.64
1902,"Apr",-0.28,4,1.5707963267949,0.64
1902,"May",-0.33,5,2.0943951023932,0.59
1902,"Jun",-0.32,6,2.61799387799149,0.6
1902,"Jul",-0.28,7,3.14159265358979,0.64
1902,"Aug",-0.31,8,3.66519142918809,0.61
1902,"Sep",-0.29,9,4.18879020478639,0.63
1902,"Oct",-0.3,10,4.71238898038469,0.62
1902,"Nov",-0.37,11,5.23598775598299,0.55
1902,"Dec",-0.43,12,5.75958653158129,0.49
1903,"Jan",-0.25,1,0,0.67
1903,"Feb",-0.07,2,0.523598775598299,0.85
1903,"Mar",-0.24,3,1.0471975511966,0.68
1903,"Apr",-0.42,4,1.5707963267949,0.5
1903,"May",-0.4,5,2.0943951023932,0.52
1903,"Jun",-0.43,6,2.61799387799149,0.49
1903,"Jul",-0.35,7,3.14159265358979,0.57
1903,"Aug",-0.46,8,3.66519142918809,0.46
1903,"Sep",-0.5,9,4.18879020478639,0.42
1903,"Oct",-0.47,10,4.71238898038469,0.45
1903,"Nov",-0.42,11,5.23598775598299,0.5
1903,"Dec",-0.52,12,5.75958653158129,0.4
1904,"Jan",-0.64,1,0,0.28
1904,"Feb",-0.59,2,0.523598775598299,0.33
1904,"Mar",-0.52,3,1.0471975511966,0.4
1904,"Apr",-0.51,4,1.5707963267949,0.41
1904,"May",-0.52,5,2.0943951023932,0.4
1904,"Jun",-0.49,6,2.61799387799149,0.43
1904,"Jul",-0.52,7,3.14159265358979,0.4
1904,"Aug",-0.49,8,3.66519142918809,0.43
1904,"Sep",-0.56,9,4.18879020478639,0.36
1904,"Oct",-0.39,10,4.71238898038469,0.53
1904,"Nov",-0.18,11,5.23598775598299,0.74
1904,"Dec",-0.34,12,5.75958653158129,0.58
1905,"Jan",-0.36,1,0,0.56
1905,"Feb",-0.6,2,0.523598775598299,0.32
1905,"Mar",-0.22,3,1.0471975511966,0.7
1905,"Apr",-0.35,4,1.5707963267949,0.57
1905,"May",-0.3,5,2.0943951023932,0.62
1905,"Jun",-0.29,6,2.61799387799149,0.63
1905,"Jul",-0.27,7,3.14159265358979,0.65
1905,"Aug",-0.21,8,3.66519142918809,0.71
1905,"Sep",-0.19,9,4.18879020478639,0.73
1905,"Oct",-0.25,10,4.71238898038469,0.67
1905,"Nov",-0.08,11,5.23598775598299,0.84
1905,"Dec",-0.14,12,5.75958653158129,0.78
1906,"Jan",-0.29,1,0,0.63
1906,"Feb",-0.3,2,0.523598775598299,0.62
1906,"Mar",-0.19,3,1.0471975511966,0.73
1906,"Apr",-0.06,4,1.5707963267949,0.86
1906,"May",-0.26,5,2.0943951023932,0.66
1906,"Jun",-0.2,6,2.61799387799149,0.72
1906,"Jul",-0.23,7,3.14159265358979,0.69
1906,"Aug",-0.2,8,3.66519142918809,0.72
1906,"Sep",-0.28,9,4.18879020478639,0.64
1906,"Oct",-0.21,10,4.71238898038469,0.71
1906,"Nov",-0.38,11,5.23598775598299,0.54
1906,"Dec",-0.15,12,5.75958653158129,0.77
1907,"Jan",-0.44,1,0,0.48
1907,"Feb",-0.52,2,0.523598775598299,0.4
1907,"Mar",-0.28,3,1.0471975511966,0.64
1907,"Apr",-0.38,4,1.5707963267949,0.54
1907,"May",-0.47,5,2.0943951023932,0.45
1907,"Jun",-0.42,6,2.61799387799149,0.5
1907,"Jul",-0.36,7,3.14159265358979,0.56
1907,"Aug",-0.35,8,3.66519142918809,0.57
1907,"Sep",-0.35,9,4.18879020478639,0.57
1907,"Oct",-0.23,10,4.71238898038469,0.69
1907,"Nov",-0.47,11,5.23598775598299,0.45
1907,"Dec",-0.47,12,5.75958653158129,0.45
1908,"Jan",-0.45,1,0,0.47
1908,"Feb",-0.33,2,0.523598775598299,0.59
1908,"Mar",-0.56,3,1.0471975511966,0.36
1908,"Apr",-0.45,4,1.5707963267949,0.47
1908,"May",-0.38,5,2.0943951023932,0.54
1908,"Jun",-0.39,6,2.61799387799149,0.53
1908,"Jul",-0.36,7,3.14159265358979,0.56
1908,"Aug",-0.46,8,3.66519142918809,0.46
1908,"Sep",-0.36,9,4.18879020478639,0.56
1908,"Oct",-0.44,10,4.71238898038469,0.48
1908,"Nov",-0.52,11,5.23598775598299,0.4
1908,"Dec",-0.5,12,5.75958653158129,0.42
1909,"Jan",-0.74,1,0,0.18
1909,"Feb",-0.47,2,0.523598775598299,0.45
1909,"Mar",-0.55,3,1.0471975511966,0.37
1909,"Apr",-0.6,4,1.5707963267949,0.32
1909,"May",-0.55,5,2.0943951023932,0.37
1909,"Jun",-0.52,6,2.61799387799149,0.4
1909,"Jul",-0.45,7,3.14159265358979,0.47
1909,"Aug",-0.34,8,3.66519142918809,0.58
1909,"Sep",-0.39,9,4.18879020478639,0.53
1909,"Oct",-0.4,10,4.71238898038469,0.52
1909,"Nov",-0.32,11,5.23598775598299,0.6
1909,"Dec",-0.57,12,5.75958653158129,0.35
1910,"Jan",-0.43,1,0,0.49
1910,"Feb",-0.42,2,0.523598775598299,0.5
1910,"Mar",-0.52,3,1.0471975511966,0.4
1910,"Apr",-0.44,4,1.5707963267949,0.48
1910,"May",-0.35,5,2.0943951023932,0.57
1910,"Jun",-0.39,6,2.61799387799149,0.53
1910,"Jul",-0.35,7,3.14159265358979,0.57
1910,"Aug",-0.37,8,3.66519142918809,0.55
1910,"Sep",-0.39,9,4.18879020478639,0.53
1910,"Oct",-0.42,10,4.71238898038469,0.5
1910,"Nov",-0.57,11,5.23598775598299,0.35
1910,"Dec",-0.68,12,5.75958653158129,0.24
1911,"Jan",-0.62,1,0,0.3
1911,"Feb",-0.58,2,0.523598775598299,0.34
1911,"Mar",-0.61,3,1.0471975511966,0.31
1911,"Apr",-0.54,4,1.5707963267949,0.38
1911,"May",-0.52,5,2.0943951023932,0.4
1911,"Jun",-0.51,6,2.61799387799149,0.41
1911,"Jul",-0.43,7,3.14159265358979,0.49
1911,"Aug",-0.44,8,3.66519142918809,0.48
1911,"Sep",-0.41,9,4.18879020478639,0.51
1911,"Oct",-0.26,10,4.71238898038469,0.66
1911,"Nov",-0.21,11,5.23598775598299,0.71
1911,"Dec",-0.22,12,5.75958653158129,0.7
1912,"Jan",-0.26,1,0,0.66
1912,"Feb",-0.15,2,0.523598775598299,0.77
1912,"Mar",-0.38,3,1.0471975511966,0.54
1912,"Apr",-0.18,4,1.5707963267949,0.74
1912,"May",-0.22,5,2.0943951023932,0.7
1912,"Jun",-0.24,6,2.61799387799149,0.68
1912,"Jul",-0.43,7,3.14159265358979,0.49
1912,"Aug",-0.55,8,3.66519142918809,0.37
1912,"Sep",-0.58,9,4.18879020478639,0.34
1912,"Oct",-0.58,10,4.71238898038469,0.34
1912,"Nov",-0.4,11,5.23598775598299,0.52
1912,"Dec",-0.44,12,5.75958653158129,0.48
1913,"Jan",-0.41,1,0,0.51
1913,"Feb",-0.46,2,0.523598775598299,0.46
1913,"Mar",-0.43,3,1.0471975511966,0.49
1913,"Apr",-0.41,4,1.5707963267949,0.51
1913,"May",-0.45,5,2.0943951023932,0.47
1913,"Jun",-0.46,6,2.61799387799149,0.46
1913,"Jul",-0.37,7,3.14159265358979,0.55
1913,"Aug",-0.34,8,3.66519142918809,0.58
1913,"Sep",-0.35,9,4.18879020478639,0.57
1913,"Oct",-0.33,10,4.71238898038469,0.59
1913,"Nov",-0.2,11,5.23598775598299,0.72
1913,"Dec",-0.03,12,5.75958653158129,0.89
1914,"Jan",0.04,1,0,0.96
1914,"Feb",-0.1,2,0.523598775598299,0.82
1914,"Mar",-0.25,3,1.0471975511966,0.67
1914,"Apr",-0.3,4,1.5707963267949,0.62
1914,"May",-0.22,5,2.0943951023932,0.7
1914,"Jun",-0.26,6,2.61799387799149,0.66
1914,"Jul",-0.24,7,3.14159265358979,0.68
1914,"Aug",-0.17,8,3.66519142918809,0.75
1914,"Sep",-0.17,9,4.18879020478639,0.75
1914,"Oct",-0.04,10,4.71238898038469,0.88
1914,"Nov",-0.16,11,5.23598775598299,0.76
1914,"Dec",-0.05,12,5.75958653158129,0.87
1915,"Jan",-0.21,1,0,0.71
1915,"Feb",-0.04,2,0.523598775598299,0.88
1915,"Mar",-0.1,3,1.0471975511966,0.82
1915,"Apr",0.06,4,1.5707963267949,0.98
1915,"May",-0.06,5,2.0943951023932,0.86
1915,"Jun",-0.22,6,2.61799387799149,0.7
1915,"Jul",-0.12,7,3.14159265358979,0.8
1915,"Aug",-0.22,8,3.66519142918809,0.7
1915,"Sep",-0.2,9,4.18879020478639,0.72
1915,"Oct",-0.25,10,4.71238898038469,0.67
1915,"Nov",-0.13,11,5.23598775598299,0.79
1915,"Dec",-0.21,12,5.75958653158129,0.71
1916,"Jan",-0.13,1,0,0.79
1916,"Feb",-0.16,2,0.523598775598299,0.76
1916,"Mar",-0.29,3,1.0471975511966,0.63
1916,"Apr",-0.31,4,1.5707963267949,0.61
1916,"May",-0.36,5,2.0943951023932,0.56
1916,"Jun",-0.49,6,2.61799387799149,0.43
1916,"Jul",-0.37,7,3.14159265358979,0.55
1916,"Aug",-0.28,8,3.66519142918809,0.64
1916,"Sep",-0.36,9,4.18879020478639,0.56
1916,"Oct",-0.33,10,4.71238898038469,0.59
1916,"Nov",-0.47,11,5.23598775598299,0.45
1916,"Dec",-0.82,12,5.75958653158129,0.1
1917,"Jan",-0.57,1,0,0.35
1917,"Feb",-0.63,2,0.523598775598299,0.29
1917,"Mar",-0.64,3,1.0471975511966,0.28
1917,"Apr",-0.55,4,1.5707963267949,0.37
1917,"May",-0.56,5,2.0943951023932,0.36
1917,"Jun",-0.44,6,2.61799387799149,0.48
1917,"Jul",-0.26,7,3.14159265358979,0.66
1917,"Aug",-0.22,8,3.66519142918809,0.7
1917,"Sep",-0.23,9,4.18879020478639,0.69
1917,"Oct",-0.44,10,4.71238898038469,0.48
1917,"Nov",-0.34,11,5.23598775598299,0.58
1917,"Dec",-0.68,12,5.75958653158129,0.24
1918,"Jan",-0.48,1,0,0.44
1918,"Feb",-0.35,2,0.523598775598299,0.57
1918,"Mar",-0.25,3,1.0471975511966,0.67
1918,"Apr",-0.45,4,1.5707963267949,0.47
1918,"May",-0.44,5,2.0943951023932,0.48
1918,"Jun",-0.37,6,2.61799387799149,0.55
1918,"Jul",-0.32,7,3.14159265358979,0.6
1918,"Aug",-0.32,8,3.66519142918809,0.6
1918,"Sep",-0.17,9,4.18879020478639,0.75
1918,"Oct",-0.06,10,4.71238898038469,0.86
1918,"Nov",-0.12,11,5.23598775598299,0.8
1918,"Dec",-0.3,12,5.75958653158129,0.62
1919,"Jan",-0.2,1,0,0.72
1919,"Feb",-0.23,2,0.523598775598299,0.69
1919,"Mar",-0.22,3,1.0471975511966,0.7
1919,"Apr",-0.13,4,1.5707963267949,0.79
1919,"May",-0.28,5,2.0943951023932,0.64
1919,"Jun",-0.36,6,2.61799387799149,0.56
1919,"Jul",-0.29,7,3.14159265358979,0.63
1919,"Aug",-0.33,8,3.66519142918809,0.59
1919,"Sep",-0.25,9,4.18879020478639,0.67
1919,"Oct",-0.21,10,4.71238898038469,0.71
1919,"Nov",-0.42,11,5.23598775598299,0.5
1919,"Dec",-0.43,12,5.75958653158129,0.49
1920,"Jan",-0.25,1,0,0.67
1920,"Feb",-0.27,2,0.523598775598299,0.65
1920,"Mar",-0.12,3,1.0471975511966,0.8
1920,"Apr",-0.25,4,1.5707963267949,0.67
1920,"May",-0.27,5,2.0943951023932,0.65
1920,"Jun",-0.36,6,2.61799387799149,0.56
1920,"Jul",-0.3,7,3.14159265358979,0.62
1920,"Aug",-0.26,8,3.66519142918809,0.66
1920,"Sep",-0.22,9,4.18879020478639,0.7
1920,"Oct",-0.26,10,4.71238898038469,0.66
1920,"Nov",-0.27,11,5.23598775598299,0.65
1920,"Dec",-0.47,12,5.75958653158129,0.45
1921,"Jan",-0.05,1,0,0.87
1921,"Feb",-0.18,2,0.523598775598299,0.74
1921,"Mar",-0.23,3,1.0471975511966,0.69
1921,"Apr",-0.3,4,1.5707963267949,0.62
1921,"May",-0.31,5,2.0943951023932,0.61
1921,"Jun",-0.27,6,2.61799387799149,0.65
1921,"Jul",-0.15,7,3.14159265358979,0.77
1921,"Aug",-0.27,8,3.66519142918809,0.65
1921,"Sep",-0.19,9,4.18879020478639,0.73
1921,"Oct",-0.04,10,4.71238898038469,0.88
1921,"Nov",-0.15,11,5.23598775598299,0.77
1921,"Dec",-0.18,12,5.75958653158129,0.74
1922,"Jan",-0.34,1,0,0.58
1922,"Feb",-0.45,2,0.523598775598299,0.47
1922,"Mar",-0.15,3,1.0471975511966,0.77
1922,"Apr",-0.23,4,1.5707963267949,0.69
1922,"May",-0.33,5,2.0943951023932,0.59
1922,"Jun",-0.31,6,2.61799387799149,0.61
1922,"Jul",-0.27,7,3.14159265358979,0.65
1922,"Aug",-0.33,8,3.66519142918809,0.59
1922,"Sep",-0.35,9,4.18879020478639,0.57
1922,"Oct",-0.32,10,4.71238898038469,0.6
1922,"Nov",-0.14,11,5.23598775598299,0.78
1922,"Dec",-0.2,12,5.75958653158129,0.72
1923,"Jan",-0.27,1,0,0.65
1923,"Feb",-0.4,2,0.523598775598299,0.52
1923,"Mar",-0.34,3,1.0471975511966,0.58
1923,"Apr",-0.41,4,1.5707963267949,0.51
1923,"May",-0.34,5,2.0943951023932,0.58
1923,"Jun",-0.3,6,2.61799387799149,0.62
1923,"Jul",-0.31,7,3.14159265358979,0.61
1923,"Aug",-0.34,8,3.66519142918809,0.58
1923,"Sep",-0.31,9,4.18879020478639,0.61
1923,"Oct",-0.14,10,4.71238898038469,0.78
1923,"Nov",-0.03,11,5.23598775598299,0.89
1923,"Dec",-0.04,12,5.75958653158129,0.88
1924,"Jan",-0.23,1,0,0.69
1924,"Feb",-0.23,2,0.523598775598299,0.69
1924,"Mar",-0.09,3,1.0471975511966,0.83
1924,"Apr",-0.31,4,1.5707963267949,0.61
1924,"May",-0.19,5,2.0943951023932,0.73
1924,"Jun",-0.27,6,2.61799387799149,0.65
1924,"Jul",-0.29,7,3.14159265358979,0.63
1924,"Aug",-0.36,8,3.66519142918809,0.56
1924,"Sep",-0.32,9,4.18879020478639,0.6
1924,"Oct",-0.35,10,4.71238898038469,0.57
1924,"Nov",-0.21,11,5.23598775598299,0.71
1924,"Dec",-0.44,12,5.75958653158129,0.48
1925,"Jan",-0.38,1,0,0.54
1925,"Feb",-0.39,2,0.523598775598299,0.53
1925,"Mar",-0.28,3,1.0471975511966,0.64
1925,"Apr",-0.26,4,1.5707963267949,0.66
1925,"May",-0.3,5,2.0943951023932,0.62
1925,"Jun",-0.33,6,2.61799387799149,0.59
1925,"Jul",-0.27,7,3.14159265358979,0.65
1925,"Aug",-0.21,8,3.66519142918809,0.71
1925,"Sep",-0.2,9,4.18879020478639,0.72
1925,"Oct",-0.18,10,4.71238898038469,0.74
1925,"Nov",0.05,11,5.23598775598299,0.97
1925,"Dec",0.06,12,5.75958653158129,0.98
1926,"Jan",0.2,1,0,1.12
1926,"Feb",0.02,2,0.523598775598299,0.94
1926,"Mar",0.11,3,1.0471975511966,1.03
1926,"Apr",-0.14,4,1.5707963267949,0.78
1926,"May",-0.24,5,2.0943951023932,0.68
1926,"Jun",-0.27,6,2.61799387799149,0.65
1926,"Jul",-0.28,7,3.14159265358979,0.64
1926,"Aug",-0.13,8,3.66519142918809,0.79
1926,"Sep",-0.15,9,4.18879020478639,0.77
1926,"Oct",-0.11,10,4.71238898038469,0.81
1926,"Nov",-0.07,11,5.23598775598299,0.85
1926,"Dec",-0.3,12,5.75958653158129,0.62
1927,"Jan",-0.28,1,0,0.64
1927,"Feb",-0.18,2,0.523598775598299,0.74
1927,"Mar",-0.39,3,1.0471975511966,0.53
1927,"Apr",-0.31,4,1.5707963267949,0.61
1927,"May",-0.26,5,2.0943951023932,0.66
1927,"Jun",-0.28,6,2.61799387799149,0.64
1927,"Jul",-0.19,7,3.14159265358979,0.73
1927,"Aug",-0.24,8,3.66519142918809,0.68
1927,"Sep",-0.13,9,4.18879020478639,0.79
1927,"Oct",-0.01,10,4.71238898038469,0.91
1927,"Nov",-0.06,11,5.23598775598299,0.86
1927,"Dec",-0.33,12,5.75958653158129,0.59
1928,"Jan",-0.03,1,0,0.89
1928,"Feb",-0.1,2,0.523598775598299,0.82
1928,"Mar",-0.25,3,1.0471975511966,0.67
1928,"Apr",-0.29,4,1.5707963267949,0.63
1928,"May",-0.3,5,2.0943951023932,0.62
1928,"Jun",-0.39,6,2.61799387799149,0.53
1928,"Jul",-0.2,7,3.14159265358979,0.72
1928,"Aug",-0.23,8,3.66519142918809,0.69
1928,"Sep",-0.22,9,4.18879020478639,0.7
1928,"Oct",-0.19,10,4.71238898038469,0.73
1928,"Nov",-0.1,11,5.23598775598299,0.82
1928,"Dec",-0.17,12,5.75958653158129,0.75
1929,"Jan",-0.45,1,0,0.47
1929,"Feb",-0.59,2,0.523598775598299,0.33
1929,"Mar",-0.33,3,1.0471975511966,0.59
1929,"Apr",-0.42,4,1.5707963267949,0.5
1929,"May",-0.38,5,2.0943951023932,0.54
1929,"Jun",-0.44,6,2.61799387799149,0.48
1929,"Jul",-0.37,7,3.14159265358979,0.55
1929,"Aug",-0.33,8,3.66519142918809,0.59
1929,"Sep",-0.26,9,4.18879020478639,0.66
1929,"Oct",-0.15,10,4.71238898038469,0.77
1929,"Nov",-0.12,11,5.23598775598299,0.8
1929,"Dec",-0.55,12,5.75958653158129,0.37
1930,"Jan",-0.31,1,0,0.61
1930,"Feb",-0.27,2,0.523598775598299,0.65
1930,"Mar",-0.11,3,1.0471975511966,0.81
1930,"Apr",-0.25,4,1.5707963267949,0.67
1930,"May",-0.24,5,2.0943951023932,0.68
1930,"Jun",-0.22,6,2.61799387799149,0.7
1930,"Jul",-0.22,7,3.14159265358979,0.7
1930,"Aug",-0.15,8,3.66519142918809,0.77
1930,"Sep",-0.16,9,4.18879020478639,0.76
1930,"Oct",-0.12,10,4.71238898038469,0.8
1930,"Nov",0.17,11,5.23598775598299,1.09
1930,"Dec",-0.06,12,5.75958653158129,0.86
1931,"Jan",-0.11,1,0,0.81
1931,"Feb",-0.21,2,0.523598775598299,0.71
1931,"Mar",-0.11,3,1.0471975511966,0.81
1931,"Apr",-0.23,4,1.5707963267949,0.69
1931,"May",-0.2,5,2.0943951023932,0.72
1931,"Jun",-0.08,6,2.61799387799149,0.84
1931,"Jul",-0.04,7,3.14159265358979,0.88
1931,"Aug",-0.04,8,3.66519142918809,0.88
1931,"Sep",-0.07,9,4.18879020478639,0.85
1931,"Oct",0.06,10,4.71238898038469,0.98
1931,"Nov",-0.06,11,5.23598775598299,0.86
1931,"Dec",-0.05,12,5.75958653158129,0.87
1932,"Jan",0.15,1,0,1.07
1932,"Feb",-0.18,2,0.523598775598299,0.74
1932,"Mar",-0.18,3,1.0471975511966,0.74
1932,"Apr",-0.06,4,1.5707963267949,0.86
1932,"May",-0.18,5,2.0943951023932,0.74
1932,"Jun",-0.29,6,2.61799387799149,0.63
1932,"Jul",-0.25,7,3.14159265358979,0.67
1932,"Aug",-0.22,8,3.66519142918809,0.7
1932,"Sep",-0.1,9,4.18879020478639,0.82
1932,"Oct",-0.09,10,4.71238898038469,0.83
1932,"Nov",-0.28,11,5.23598775598299,0.64
1932,"Dec",-0.27,12,5.75958653158129,0.65
1933,"Jan",-0.24,1,0,0.68
1933,"Feb",-0.3,2,0.523598775598299,0.62
1933,"Mar",-0.3,3,1.0471975511966,0.62
1933,"Apr",-0.25,4,1.5707963267949,0.67
1933,"May",-0.29,5,2.0943951023932,0.63
1933,"Jun",-0.34,6,2.61799387799149,0.58
1933,"Jul",-0.21,7,3.14159265358979,0.71
1933,"Aug",-0.23,8,3.66519142918809,0.69
1933,"Sep",-0.29,9,4.18879020478639,0.63
1933,"Oct",-0.25,10,4.71238898038469,0.67
1933,"Nov",-0.31,11,5.23598775598299,0.61
1933,"Dec",-0.45,12,5.75958653158129,0.47
1934,"Jan",-0.21,1,0,0.71
1934,"Feb",-0.03,2,0.523598775598299,0.89
1934,"Mar",-0.29,3,1.0471975511966,0.63
1934,"Apr",-0.3,4,1.5707963267949,0.62
1934,"May",-0.09,5,2.0943951023932,0.83
1934,"Jun",-0.15,6,2.61799387799149,0.77
1934,"Jul",-0.1,7,3.14159265358979,0.82
1934,"Aug",-0.12,8,3.66519142918809,0.8
1934,"Sep",-0.15,9,4.18879020478639,0.77
1934,"Oct",-0.06,10,4.71238898038469,0.86
1934,"Nov",0.03,11,5.23598775598299,0.95
1934,"Dec",-0.03,12,5.75958653158129,0.89
1935,"Jan",-0.34,1,0,0.58
1935,"Feb",0.14,2,0.523598775598299,1.06
1935,"Mar",-0.14,3,1.0471975511966,0.78
1935,"Apr",-0.38,4,1.5707963267949,0.54
1935,"May",-0.29,5,2.0943951023932,0.63
1935,"Jun",-0.27,6,2.61799387799149,0.65
1935,"Jul",-0.22,7,3.14159265358979,0.7
1935,"Aug",-0.22,8,3.66519142918809,0.7
1935,"Sep",-0.21,9,4.18879020478639,0.71
1935,"Oct",-0.06,10,4.71238898038469,0.86
1935,"Nov",-0.26,11,5.23598775598299,0.66
1935,"Dec",-0.17,12,5.75958653158129,0.75
1936,"Jan",-0.28,1,0,0.64
1936,"Feb",-0.38,2,0.523598775598299,0.54
1936,"Mar",-0.21,3,1.0471975511966,0.71
1936,"Apr",-0.2,4,1.5707963267949,0.72
1936,"May",-0.16,5,2.0943951023932,0.76
1936,"Jun",-0.22,6,2.61799387799149,0.7
1936,"Jul",-0.1,7,3.14159265358979,0.82
1936,"Aug",-0.14,8,3.66519142918809,0.78
1936,"Sep",-0.09,9,4.18879020478639,0.83
1936,"Oct",-0.03,10,4.71238898038469,0.89
1936,"Nov",0.01,11,5.23598775598299,0.93
1936,"Dec",-0.01,12,5.75958653158129,0.91
1937,"Jan",-0.07,1,0,0.85
1937,"Feb",0.03,2,0.523598775598299,0.95
1937,"Mar",-0.21,3,1.0471975511966,0.71
1937,"Apr",-0.16,4,1.5707963267949,0.76
1937,"May",-0.06,5,2.0943951023932,0.86
1937,"Jun",-0.05,6,2.61799387799149,0.87
1937,"Jul",-0.03,7,3.14159265358979,0.89
1937,"Aug",0.01,8,3.66519142918809,0.93
1937,"Sep",0.09,9,4.18879020478639,1.01
1937,"Oct",0.09,10,4.71238898038469,1.01
1937,"Nov",0.08,11,5.23598775598299,1
1937,"Dec",-0.08,12,5.75958653158129,0.84
1938,"Jan",0.08,1,0,1
1938,"Feb",0.04,2,0.523598775598299,0.96
1938,"Mar",0.09,3,1.0471975511966,1.01
1938,"Apr",0.06,4,1.5707963267949,0.98
1938,"May",-0.1,5,2.0943951023932,0.82
1938,"Jun",-0.17,6,2.61799387799149,0.75
1938,"Jul",-0.09,7,3.14159265358979,0.83
1938,"Aug",-0.05,8,3.66519142918809,0.87
1938,"Sep",0.01,9,4.18879020478639,0.93
1938,"Oct",0.15,10,4.71238898038469,1.07
1938,"Nov",0.07,11,5.23598775598299,0.99
1938,"Dec",-0.13,12,5.75958653158129,0.79
1939,"Jan",-0.05,1,0,0.87
1939,"Feb",-0.07,2,0.523598775598299,0.85
1939,"Mar",-0.18,3,1.0471975511966,0.74
1939,"Apr",-0.11,4,1.5707963267949,0.81
1939,"May",-0.04,5,2.0943951023932,0.88
1939,"Jun",-0.07,6,2.61799387799149,0.85
1939,"Jul",-0.06,7,3.14159265358979,0.86
1939,"Aug",-0.06,8,3.66519142918809,0.86
1939,"Sep",-0.07,9,4.18879020478639,0.85
1939,"Oct",-0.04,10,4.71238898038469,0.88
1939,"Nov",0.07,11,5.23598775598299,0.99
1939,"Dec",0.42,12,5.75958653158129,1.34
1940,"Jan",-0.01,1,0,0.91
1940,"Feb",0.08,2,0.523598775598299,1
1940,"Mar",0.09,3,1.0471975511966,1.01
1940,"Apr",0.17,4,1.5707963267949,1.09
1940,"May",0.1,5,2.0943951023932,1.02
1940,"Jun",0.11,6,2.61799387799149,1.03
1940,"Jul",0.12,7,3.14159265358979,1.04
1940,"Aug",0.06,8,3.66519142918809,0.98
1940,"Sep",0.15,9,4.18879020478639,1.07
1940,"Oct",0.1,10,4.71238898038469,1.02
1940,"Nov",0.16,11,5.23598775598299,1.08
1940,"Dec",0.31,12,5.75958653158129,1.23
1941,"Jan",0.17,1,0,1.09
1941,"Feb",0.3,2,0.523598775598299,1.22
1941,"Mar",0.1,3,1.0471975511966,1.02
1941,"Apr",0.16,4,1.5707963267949,1.08
1941,"May",0.16,5,2.0943951023932,1.08
1941,"Jun",0.13,6,2.61799387799149,1.05
1941,"Jul",0.22,7,3.14159265358979,1.14
1941,"Aug",0.14,8,3.66519142918809,1.06
1941,"Sep",0.02,9,4.18879020478639,0.94
1941,"Oct",0.35,10,4.71238898038469,1.27
1941,"Nov",0.22,11,5.23598775598299,1.14
1941,"Dec",0.21,12,5.75958653158129,1.13
1942,"Jan",0.29,1,0,1.21
1942,"Feb",0.02,2,0.523598775598299,0.94
1942,"Mar",0.05,3,1.0471975511966,0.97
1942,"Apr",0.09,4,1.5707963267949,1.01
1942,"May",0.1,5,2.0943951023932,1.02
1942,"Jun",0.04,6,2.61799387799149,0.96
1942,"Jul",0,7,3.14159265358979,0.92
1942,"Aug",-0.04,8,3.66519142918809,0.88
1942,"Sep",-0.03,9,4.18879020478639,0.89
1942,"Oct",0.01,10,4.71238898038469,0.93
1942,"Nov",0.09,11,5.23598775598299,1.01
1942,"Dec",0.12,12,5.75958653158129,1.04
1943,"Jan",-0.01,1,0,0.91
1943,"Feb",0.17,2,0.523598775598299,1.09
1943,"Mar",-0.04,3,1.0471975511966,0.88
1943,"Apr",0.1,4,1.5707963267949,1.02
1943,"May",0.06,5,2.0943951023932,0.98
1943,"Jun",-0.06,6,2.61799387799149,0.86
1943,"Jul",0.08,7,3.14159265358979,1
1943,"Aug",0,8,3.66519142918809,0.92
1943,"Sep",0.05,9,4.18879020478639,0.97
1943,"Oct",0.23,10,4.71238898038469,1.15
1943,"Nov",0.19,11,5.23598775598299,1.11
1943,"Dec",0.23,12,5.75958653158129,1.15
1944,"Jan",0.35,1,0,1.27
1944,"Feb",0.24,2,0.523598775598299,1.16
1944,"Mar",0.26,3,1.0471975511966,1.18
1944,"Apr",0.19,4,1.5707963267949,1.11
1944,"May",0.18,5,2.0943951023932,1.1
1944,"Jun",0.15,6,2.61799387799149,1.07
1944,"Jul",0.17,7,3.14159265358979,1.09
1944,"Aug",0.18,8,3.66519142918809,1.1
1944,"Sep",0.28,9,4.18879020478639,1.2
1944,"Oct",0.26,10,4.71238898038469,1.18
1944,"Nov",0.11,11,5.23598775598299,1.03
1944,"Dec",0.04,12,5.75958653158129,0.96
1945,"Jan",0.1,1,0,1.02
1945,"Feb",0.01,2,0.523598775598299,0.93
1945,"Mar",0.06,3,1.0471975511966,0.98
1945,"Apr",0.19,4,1.5707963267949,1.11
1945,"May",0.06,5,2.0943951023932,0.98
1945,"Jun",0,6,2.61799387799149,0.92
1945,"Jul",0.04,7,3.14159265358979,0.96
1945,"Aug",0.26,8,3.66519142918809,1.18
1945,"Sep",0.2,9,4.18879020478639,1.12
1945,"Oct",0.18,10,4.71238898038469,1.1
1945,"Nov",0.06,11,5.23598775598299,0.98
1945,"Dec",-0.07,12,5.75958653158129,0.85
1946,"Jan",0.15,1,0,1.07
1946,"Feb",0.02,2,0.523598775598299,0.94
1946,"Mar",0.01,3,1.0471975511966,0.93
1946,"Apr",0.05,4,1.5707963267949,0.97
1946,"May",-0.07,5,2.0943951023932,0.85
1946,"Jun",-0.21,6,2.61799387799149,0.71
1946,"Jul",-0.12,7,3.14159265358979,0.8
1946,"Aug",-0.2,8,3.66519142918809,0.72
1946,"Sep",-0.08,9,4.18879020478639,0.84
1946,"Oct",-0.08,10,4.71238898038469,0.84
1946,"Nov",-0.06,11,5.23598775598299,0.86
1946,"Dec",-0.31,12,5.75958653158129,0.61
1947,"Jan",-0.07,1,0,0.85
1947,"Feb",-0.08,2,0.523598775598299,0.84
1947,"Mar",0.06,3,1.0471975511966,0.98
1947,"Apr",0.06,4,1.5707963267949,0.98
1947,"May",-0.02,5,2.0943951023932,0.9
1947,"Jun",-0.02,6,2.61799387799149,0.9
1947,"Jul",-0.04,7,3.14159265358979,0.88
1947,"Aug",-0.07,8,3.66519142918809,0.85
1947,"Sep",-0.13,9,4.18879020478639,0.79
1947,"Oct",0.07,10,4.71238898038469,0.99
1947,"Nov",0.02,11,5.23598775598299,0.94
1947,"Dec",-0.14,12,5.75958653158129,0.78
1948,"Jan",0.06,1,0,0.98
1948,"Feb",-0.15,2,0.523598775598299,0.77
1948,"Mar",-0.24,3,1.0471975511966,0.68
1948,"Apr",-0.12,4,1.5707963267949,0.8
1948,"May",-0.01,5,2.0943951023932,0.91
1948,"Jun",-0.05,6,2.61799387799149,0.87
1948,"Jul",-0.11,7,3.14159265358979,0.81
1948,"Aug",-0.12,8,3.66519142918809,0.8
1948,"Sep",-0.14,9,4.18879020478639,0.78
1948,"Oct",-0.05,10,4.71238898038469,0.87
1948,"Nov",-0.13,11,5.23598775598299,0.79
1948,"Dec",-0.24,12,5.75958653158129,0.68
1949,"Jan",0.06,1,0,0.98
1949,"Feb",-0.15,2,0.523598775598299,0.77
1949,"Mar",-0.02,3,1.0471975511966,0.9
1949,"Apr",-0.11,4,1.5707963267949,0.81
1949,"May",-0.1,5,2.0943951023932,0.82
1949,"Jun",-0.27,6,2.61799387799149,0.65
1949,"Jul",-0.13,7,3.14159265358979,0.79
1949,"Aug",-0.13,8,3.66519142918809,0.79
1949,"Sep",-0.14,9,4.18879020478639,0.78
1949,"Oct",-0.07,10,4.71238898038469,0.85
1949,"Nov",-0.1,11,5.23598775598299,0.82
1949,"Dec",-0.18,12,5.75958653158129,0.74
1950,"Jan",-0.26,1,0,0.66
1950,"Feb",-0.27,2,0.523598775598299,0.65
1950,"Mar",-0.08,3,1.0471975511966,0.84
1950,"Apr",-0.21,4,1.5707963267949,0.71
1950,"May",-0.11,5,2.0943951023932,0.81
1950,"Jun",-0.05,6,2.61799387799149,0.87
1950,"Jul",-0.09,7,3.14159265358979,0.83
1950,"Aug",-0.16,8,3.66519142918809,0.76
1950,"Sep",-0.11,9,4.18879020478639,0.81
1950,"Oct",-0.2,10,4.71238898038469,0.72
1950,"Nov",-0.34,11,5.23598775598299,0.58
1950,"Dec",-0.22,12,5.75958653158129,0.7
1951,"Jan",-0.34,1,0,0.58
1951,"Feb",-0.41,2,0.523598775598299,0.51
1951,"Mar",-0.2,3,1.0471975511966,0.72
1951,"Apr",-0.14,4,1.5707963267949,0.78
1951,"May",0,5,2.0943951023932,0.92
1951,"Jun",-0.06,6,2.61799387799149,0.86
1951,"Jul",-0.01,7,3.14159265358979,0.91
1951,"Aug",0.06,8,3.66519142918809,0.98
1951,"Sep",0.05,9,4.18879020478639,0.97
1951,"Oct",0.08,10,4.71238898038469,1
1951,"Nov",-0.01,11,5.23598775598299,0.91
1951,"Dec",0.16,12,5.75958653158129,1.08
1952,"Jan",0.11,1,0,1.03
1952,"Feb",0.11,2,0.523598775598299,1.03
1952,"Mar",-0.08,3,1.0471975511966,0.84
1952,"Apr",0.03,4,1.5707963267949,0.95
1952,"May",-0.03,5,2.0943951023932,0.89
1952,"Jun",-0.03,6,2.61799387799149,0.89
1952,"Jul",0.04,7,3.14159265358979,0.96
1952,"Aug",0.05,8,3.66519142918809,0.97
1952,"Sep",0.07,9,4.18879020478639,0.99
1952,"Oct",0,10,4.71238898038469,0.92
1952,"Nov",-0.13,11,5.23598775598299,0.79
1952,"Dec",-0.02,12,5.75958653158129,0.9
1953,"Jan",0.07,1,0,0.99
1953,"Feb",0.15,2,0.523598775598299,1.07
1953,"Mar",0.11,3,1.0471975511966,1.03
1953,"Apr",0.19,4,1.5707963267949,1.11
1953,"May",0.11,5,2.0943951023932,1.03
1953,"Jun",0.12,6,2.61799387799149,1.04
1953,"Jul",0.01,7,3.14159265358979,0.93
1953,"Aug",0.05,8,3.66519142918809,0.97
1953,"Sep",0.04,9,4.18879020478639,0.96
1953,"Oct",0.08,10,4.71238898038469,1
1953,"Nov",-0.03,11,5.23598775598299,0.89
1953,"Dec",0.05,12,5.75958653158129,0.97
1954,"Jan",-0.24,1,0,0.68
1954,"Feb",-0.1,2,0.523598775598299,0.82
1954,"Mar",-0.15,3,1.0471975511966,0.77
1954,"Apr",-0.14,4,1.5707963267949,0.78
1954,"May",-0.2,5,2.0943951023932,0.72
1954,"Jun",-0.18,6,2.61799387799149,0.74
1954,"Jul",-0.19,7,3.14159265358979,0.73
1954,"Aug",-0.17,8,3.66519142918809,0.75
1954,"Sep",-0.1,9,4.18879020478639,0.82
1954,"Oct",-0.02,10,4.71238898038469,0.9
1954,"Nov",0.08,11,5.23598775598299,1
1954,"Dec",-0.18,12,5.75958653158129,0.74
1955,"Jan",0.14,1,0,1.06
1955,"Feb",-0.16,2,0.523598775598299,0.76
1955,"Mar",-0.32,3,1.0471975511966,0.6
1955,"Apr",-0.22,4,1.5707963267949,0.7
1955,"May",-0.2,5,2.0943951023932,0.72
1955,"Jun",-0.13,6,2.61799387799149,0.79
1955,"Jul",-0.11,7,3.14159265358979,0.81
1955,"Aug",0.02,8,3.66519142918809,0.94
1955,"Sep",-0.11,9,4.18879020478639,0.81
1955,"Oct",-0.05,10,4.71238898038469,0.87
1955,"Nov",-0.25,11,5.23598775598299,0.67
1955,"Dec",-0.28,12,5.75958653158129,0.64
1956,"Jan",-0.13,1,0,0.79
1956,"Feb",-0.24,2,0.523598775598299,0.68
1956,"Mar",-0.21,3,1.0471975511966,0.71
1956,"Apr",-0.28,4,1.5707963267949,0.64
1956,"May",-0.29,5,2.0943951023932,0.63
1956,"Jun",-0.15,6,2.61799387799149,0.77
1956,"Jul",-0.09,7,3.14159265358979,0.83
1956,"Aug",-0.25,8,3.66519142918809,0.67
1956,"Sep",-0.19,9,4.18879020478639,0.73
1956,"Oct",-0.23,10,4.71238898038469,0.69
1956,"Nov",-0.15,11,5.23598775598299,0.77
1956,"Dec",-0.06,12,5.75958653158129,0.86
1957,"Jan",-0.09,1,0,0.83
1957,"Feb",-0.03,2,0.523598775598299,0.89
1957,"Mar",-0.05,3,1.0471975511966,0.87
1957,"Apr",0,4,1.5707963267949,0.92
1957,"May",0.09,5,2.0943951023932,1.01
1957,"Jun",0.15,6,2.61799387799149,1.07
1957,"Jul",0.02,7,3.14159265358979,0.94
1957,"Aug",0.15,8,3.66519142918809,1.07
1957,"Sep",0.08,9,4.18879020478639,1
1957,"Oct",0.01,10,4.71238898038469,0.93
1957,"Nov",0.08,11,5.23598775598299,1
1957,"Dec",0.15,12,5.75958653158129,1.07
1958,"Jan",0.39,1,0,1.31
1958,"Feb",0.22,2,0.523598775598299,1.14
1958,"Mar",0.09,3,1.0471975511966,1.01
1958,"Apr",0.02,4,1.5707963267949,0.94
1958,"May",0.06,5,2.0943951023932,0.98
1958,"Jun",-0.09,6,2.61799387799149,0.83
1958,"Jul",0.05,7,3.14159265358979,0.97
1958,"Aug",-0.05,8,3.66519142918809,0.87
1958,"Sep",-0.03,9,4.18879020478639,0.89
1958,"Oct",0.04,10,4.71238898038469,0.96
1958,"Nov",0.02,11,5.23598775598299,0.94
1958,"Dec",0.01,12,5.75958653158129,0.93
1959,"Jan",0.08,1,0,1
1959,"Feb",0.07,2,0.523598775598299,0.99
1959,"Mar",0.18,3,1.0471975511966,1.1
1959,"Apr",0.16,4,1.5707963267949,1.08
1959,"May",0.04,5,2.0943951023932,0.96
1959,"Jun",0.03,6,2.61799387799149,0.95
1959,"Jul",0.03,7,3.14159265358979,0.95
1959,"Aug",-0.01,8,3.66519142918809,0.91
1959,"Sep",-0.06,9,4.18879020478639,0.86
1959,"Oct",-0.07,10,4.71238898038469,0.85
1959,"Nov",-0.08,11,5.23598775598299,0.84
1959,"Dec",0,12,5.75958653158129,0.92
1960,"Jan",0,1,0,0.92
1960,"Feb",0.13,2,0.523598775598299,1.05
1960,"Mar",-0.35,3,1.0471975511966,0.57
1960,"Apr",-0.15,4,1.5707963267949,0.77
1960,"May",-0.08,5,2.0943951023932,0.84
1960,"Jun",-0.04,6,2.61799387799149,0.88
1960,"Jul",-0.04,7,3.14159265358979,0.88
1960,"Aug",0.02,8,3.66519142918809,0.94
1960,"Sep",0.07,9,4.18879020478639,0.99
1960,"Oct",0.06,10,4.71238898038469,0.98
1960,"Nov",-0.11,11,5.23598775598299,0.81
1960,"Dec",0.19,12,5.75958653158129,1.11
1961,"Jan",0.07,1,0,0.99
1961,"Feb",0.19,2,0.523598775598299,1.11
1961,"Mar",0.09,3,1.0471975511966,1.01
1961,"Apr",0.13,4,1.5707963267949,1.05
1961,"May",0.12,5,2.0943951023932,1.04
1961,"Jun",0.12,6,2.61799387799149,1.04
1961,"Jul",0.01,7,3.14159265358979,0.93
1961,"Aug",0.01,8,3.66519142918809,0.93
1961,"Sep",0.08,9,4.18879020478639,1
1961,"Oct",0,10,4.71238898038469,0.92
1961,"Nov",0.03,11,5.23598775598299,0.95
1961,"Dec",-0.17,12,5.75958653158129,0.75
1962,"Jan",0.05,1,0,0.97
1962,"Feb",0.15,2,0.523598775598299,1.07
1962,"Mar",0.1,3,1.0471975511966,1.02
1962,"Apr",0.05,4,1.5707963267949,0.97
1962,"May",-0.06,5,2.0943951023932,0.86
1962,"Jun",0.03,6,2.61799387799149,0.95
1962,"Jul",0.02,7,3.14159265358979,0.94
1962,"Aug",-0.01,8,3.66519142918809,0.91
1962,"Sep",0,9,4.18879020478639,0.92
1962,"Oct",0.01,10,4.71238898038469,0.93
1962,"Nov",0.06,11,5.23598775598299,0.98
1962,"Dec",-0.03,12,5.75958653158129,0.89
1963,"Jan",-0.03,1,0,0.89
1963,"Feb",0.18,2,0.523598775598299,1.1
1963,"Mar",-0.14,3,1.0471975511966,0.78
1963,"Apr",-0.07,4,1.5707963267949,0.85
1963,"May",-0.06,5,2.0943951023932,0.86
1963,"Jun",0.05,6,2.61799387799149,0.97
1963,"Jul",0.06,7,3.14159265358979,0.98
1963,"Aug",0.22,8,3.66519142918809,1.14
1963,"Sep",0.17,9,4.18879020478639,1.09
1963,"Oct",0.14,10,4.71238898038469,1.06
1963,"Nov",0.15,11,5.23598775598299,1.07
1963,"Dec",-0.03,12,5.75958653158129,0.89
1964,"Jan",-0.09,1,0,0.83
1964,"Feb",-0.1,2,0.523598775598299,0.82
1964,"Mar",-0.21,3,1.0471975511966,0.71
1964,"Apr",-0.32,4,1.5707963267949,0.6
1964,"May",-0.25,5,2.0943951023932,0.67
1964,"Jun",-0.04,6,2.61799387799149,0.88
1964,"Jul",-0.04,7,3.14159265358979,0.88
1964,"Aug",-0.22,8,3.66519142918809,0.7
1964,"Sep",-0.29,9,4.18879020478639,0.63
1964,"Oct",-0.31,10,4.71238898038469,0.61
1964,"Nov",-0.21,11,5.23598775598299,0.71
1964,"Dec",-0.3,12,5.75958653158129,0.62
1965,"Jan",-0.08,1,0,0.84
1965,"Feb",-0.17,2,0.523598775598299,0.75
1965,"Mar",-0.13,3,1.0471975511966,0.79
1965,"Apr",-0.19,4,1.5707963267949,0.73
1965,"May",-0.12,5,2.0943951023932,0.8
1965,"Jun",-0.08,6,2.61799387799149,0.84
1965,"Jul",-0.13,7,3.14159265358979,0.79
1965,"Aug",-0.04,8,3.66519142918809,0.88
1965,"Sep",-0.15,9,4.18879020478639,0.77
1965,"Oct",-0.05,10,4.71238898038469,0.87
1965,"Nov",-0.06,11,5.23598775598299,0.86
1965,"Dec",-0.08,12,5.75958653158129,0.84
1966,"Jan",-0.19,1,0,0.73
1966,"Feb",-0.04,2,0.523598775598299,0.88
1966,"Mar",0.04,3,1.0471975511966,0.96
1966,"Apr",-0.13,4,1.5707963267949,0.79
1966,"May",-0.12,5,2.0943951023932,0.8
1966,"Jun",0.01,6,2.61799387799149,0.93
1966,"Jul",0.08,7,3.14159265358979,1
1966,"Aug",-0.09,8,3.66519142918809,0.83
1966,"Sep",-0.03,9,4.18879020478639,0.89
1966,"Oct",-0.17,10,4.71238898038469,0.75
1966,"Nov",-0.01,11,5.23598775598299,0.91
1966,"Dec",-0.02,12,5.75958653158129,0.9
1967,"Jan",-0.08,1,0,0.84
1967,"Feb",-0.21,2,0.523598775598299,0.71
1967,"Mar",0.05,3,1.0471975511966,0.97
1967,"Apr",-0.05,4,1.5707963267949,0.87
1967,"May",0.12,5,2.0943951023932,1.04
1967,"Jun",-0.08,6,2.61799387799149,0.84
1967,"Jul",0.02,7,3.14159265358979,0.94
1967,"Aug",0.01,8,3.66519142918809,0.93
1967,"Sep",-0.06,9,4.18879020478639,0.86
1967,"Oct",0.09,10,4.71238898038469,1.01
1967,"Nov",-0.05,11,5.23598775598299,0.87
1967,"Dec",-0.05,12,5.75958653158129,0.87
1968,"Jan",-0.26,1,0,0.66
1968,"Feb",-0.14,2,0.523598775598299,0.78
1968,"Mar",0.2,3,1.0471975511966,1.12
1968,"Apr",-0.06,4,1.5707963267949,0.86
1968,"May",-0.14,5,2.0943951023932,0.78
1968,"Jun",-0.09,6,2.61799387799149,0.83
1968,"Jul",-0.13,7,3.14159265358979,0.79
1968,"Aug",-0.09,8,3.66519142918809,0.83
1968,"Sep",-0.19,9,4.18879020478639,0.73
1968,"Oct",0.09,10,4.71238898038469,1.01
1968,"Nov",-0.05,11,5.23598775598299,0.87
1968,"Dec",-0.15,12,5.75958653158129,0.77
1969,"Jan",-0.11,1,0,0.81
1969,"Feb",-0.18,2,0.523598775598299,0.74
1969,"Mar",0.01,3,1.0471975511966,0.93
1969,"Apr",0.17,4,1.5707963267949,1.09
1969,"May",0.18,5,2.0943951023932,1.1
1969,"Jun",0.03,6,2.61799387799149,0.95
1969,"Jul",-0.05,7,3.14159265358979,0.87
1969,"Aug",0.04,8,3.66519142918809,0.96
1969,"Sep",0.08,9,4.18879020478639,1
1969,"Oct",0.09,10,4.71238898038469,1.01
1969,"Nov",0.12,11,5.23598775598299,1.04
1969,"Dec",0.25,12,5.75958653158129,1.17
1970,"Jan",0.08,1,0,1
1970,"Feb",0.22,2,0.523598775598299,1.14
1970,"Mar",0.06,3,1.0471975511966,0.98
1970,"Apr",0.05,4,1.5707963267949,0.97
1970,"May",-0.03,5,2.0943951023932,0.89
1970,"Jun",-0.02,6,2.61799387799149,0.9
1970,"Jul",0.02,7,3.14159265358979,0.94
1970,"Aug",-0.1,8,3.66519142918809,0.82
1970,"Sep",0.12,9,4.18879020478639,1.04
1970,"Oct",0.03,10,4.71238898038469,0.95
1970,"Nov",0.02,11,5.23598775598299,0.94
1970,"Dec",-0.12,12,5.75958653158129,0.8
1971,"Jan",-0.02,1,0,0.9
1971,"Feb",-0.15,2,0.523598775598299,0.77
1971,"Mar",-0.18,3,1.0471975511966,0.74
1971,"Apr",-0.07,4,1.5707963267949,0.85
1971,"May",-0.05,5,2.0943951023932,0.87
1971,"Jun",-0.16,6,2.61799387799149,0.76
1971,"Jul",-0.07,7,3.14159265358979,0.85
1971,"Aug",-0.01,8,3.66519142918809,0.91
1971,"Sep",-0.05,9,4.18879020478639,0.87
1971,"Oct",-0.04,10,4.71238898038469,0.88
1971,"Nov",-0.07,11,5.23598775598299,0.85
1971,"Dec",-0.08,12,5.75958653158129,0.84
1972,"Jan",-0.22,1,0,0.7
1972,"Feb",-0.18,2,0.523598775598299,0.74
1972,"Mar",0.02,3,1.0471975511966,0.94
1972,"Apr",0,4,1.5707963267949,0.92
1972,"May",-0.03,5,2.0943951023932,0.89
1972,"Jun",0.04,6,2.61799387799149,0.96
1972,"Jul",0.01,7,3.14159265358979,0.93
1972,"Aug",0.16,8,3.66519142918809,1.08
1972,"Sep",0.02,9,4.18879020478639,0.94
1972,"Oct",0.08,10,4.71238898038469,1
1972,"Nov",0.02,11,5.23598775598299,0.94
1972,"Dec",0.18,12,5.75958653158129,1.1
1973,"Jan",0.29,1,0,1.21
1973,"Feb",0.32,2,0.523598775598299,1.24
1973,"Mar",0.29,3,1.0471975511966,1.21
1973,"Apr",0.27,4,1.5707963267949,1.19
1973,"May",0.23,5,2.0943951023932,1.15
1973,"Jun",0.19,6,2.61799387799149,1.11
1973,"Jul",0.13,7,3.14159265358979,1.05
1973,"Aug",0.05,8,3.66519142918809,0.97
1973,"Sep",0.09,9,4.18879020478639,1.01
1973,"Oct",0.1,10,4.71238898038469,1.02
1973,"Nov",0.04,11,5.23598775598299,0.96
1973,"Dec",-0.07,12,5.75958653158129,0.85
1974,"Jan",-0.1,1,0,0.82
1974,"Feb",-0.27,2,0.523598775598299,0.65
1974,"Mar",-0.05,3,1.0471975511966,0.87
1974,"Apr",-0.11,4,1.5707963267949,0.81
1974,"May",-0.04,5,2.0943951023932,0.88
1974,"Jun",-0.05,6,2.61799387799149,0.87
1974,"Jul",-0.03,7,3.14159265358979,0.89
1974,"Aug",0.1,8,3.66519142918809,1.02
1974,"Sep",-0.08,9,4.18879020478639,0.84
1974,"Oct",-0.06,10,4.71238898038469,0.86
1974,"Nov",-0.08,11,5.23598775598299,0.84
1974,"Dec",-0.08,12,5.75958653158129,0.84
1975,"Jan",0.1,1,0,1.02
1975,"Feb",0.08,2,0.523598775598299,1
1975,"Mar",0.12,3,1.0471975511966,1.04
1975,"Apr",0.04,4,1.5707963267949,0.96
1975,"May",0.16,5,2.0943951023932,1.08
1975,"Jun",-0.01,6,2.61799387799149,0.91
1975,"Jul",-0.01,7,3.14159265358979,0.91
1975,"Aug",-0.17,8,3.66519142918809,0.75
1975,"Sep",-0.02,9,4.18879020478639,0.9
1975,"Oct",-0.11,10,4.71238898038469,0.81
1975,"Nov",-0.17,11,5.23598775598299,0.75
1975,"Dec",-0.17,12,5.75958653158129,0.75
1976,"Jan",-0.03,1,0,0.89
1976,"Feb",-0.06,2,0.523598775598299,0.86
1976,"Mar",-0.21,3,1.0471975511966,0.71
1976,"Apr",-0.07,4,1.5707963267949,0.85
1976,"May",-0.2,5,2.0943951023932,0.72
1976,"Jun",-0.12,6,2.61799387799149,0.8
1976,"Jul",-0.1,7,3.14159265358979,0.82
1976,"Aug",-0.12,8,3.66519142918809,0.8
1976,"Sep",-0.07,9,4.18879020478639,0.85
1976,"Oct",-0.24,10,4.71238898038469,0.68
1976,"Nov",-0.06,11,5.23598775598299,0.86
1976,"Dec",0.11,12,5.75958653158129,1.03
1977,"Jan",0.18,1,0,1.1
1977,"Feb",0.23,2,0.523598775598299,1.15
1977,"Mar",0.24,3,1.0471975511966,1.16
1977,"Apr",0.26,4,1.5707963267949,1.18
1977,"May",0.33,5,2.0943951023932,1.25
1977,"Jun",0.27,6,2.61799387799149,1.19
1977,"Jul",0.2,7,3.14159265358979,1.12
1977,"Aug",0.18,8,3.66519142918809,1.1
1977,"Sep",0.02,9,4.18879020478639,0.94
1977,"Oct",0.03,10,4.71238898038469,0.95
1977,"Nov",0.16,11,5.23598775598299,1.08
1977,"Dec",0.03,12,5.75958653158129,0.95
1978,"Jan",0.06,1,0,0.98
1978,"Feb",0.1,2,0.523598775598299,1.02
1978,"Mar",0.19,3,1.0471975511966,1.11
1978,"Apr",0.17,4,1.5707963267949,1.09
1978,"May",0.09,5,2.0943951023932,1.01
1978,"Jun",-0.01,6,2.61799387799149,0.91
1978,"Jul",0.04,7,3.14159265358979,0.96
1978,"Aug",-0.14,8,3.66519142918809,0.78
1978,"Sep",0.06,9,4.18879020478639,0.98
1978,"Oct",0.03,10,4.71238898038469,0.95
1978,"Nov",0.13,11,5.23598775598299,1.05
1978,"Dec",0.08,12,5.75958653158129,1
1979,"Jan",0.08,1,0,1
1979,"Feb",-0.1,2,0.523598775598299,0.82
1979,"Mar",0.19,3,1.0471975511966,1.11
1979,"Apr",0.15,4,1.5707963267949,1.07
1979,"May",0.03,5,2.0943951023932,0.95
1979,"Jun",0.14,6,2.61799387799149,1.06
1979,"Jul",0.04,7,3.14159265358979,0.96
1979,"Aug",0.17,8,3.66519142918809,1.09
1979,"Sep",0.25,9,4.18879020478639,1.17
1979,"Oct",0.26,10,4.71238898038469,1.18
1979,"Nov",0.28,11,5.23598775598299,1.2
1979,"Dec",0.48,12,5.75958653158129,1.4
1980,"Jan",0.29,1,0,1.21
1980,"Feb",0.39,2,0.523598775598299,1.31
1980,"Mar",0.29,3,1.0471975511966,1.21
1980,"Apr",0.3,4,1.5707963267949,1.22
1980,"May",0.35,5,2.0943951023932,1.27
1980,"Jun",0.2,6,2.61799387799149,1.12
1980,"Jul",0.22,7,3.14159265358979,1.14
1980,"Aug",0.18,8,3.66519142918809,1.1
1980,"Sep",0.2,9,4.18879020478639,1.12
1980,"Oct",0.13,10,4.71238898038469,1.05
1980,"Nov",0.29,11,5.23598775598299,1.21
1980,"Dec",0.21,12,5.75958653158129,1.13
1981,"Jan",0.53,1,0,1.45
1981,"Feb",0.42,2,0.523598775598299,1.34
1981,"Mar",0.48,3,1.0471975511966,1.4
1981,"Apr",0.32,4,1.5707963267949,1.24
1981,"May",0.24,5,2.0943951023932,1.16
1981,"Jun",0.29,6,2.61799387799149,1.21
1981,"Jul",0.32,7,3.14159265358979,1.24
1981,"Aug",0.35,8,3.66519142918809,1.27
1981,"Sep",0.14,9,4.18879020478639,1.06
1981,"Oct",0.12,10,4.71238898038469,1.04
1981,"Nov",0.23,11,5.23598775598299,1.15
1981,"Dec",0.41,12,5.75958653158129,1.33
1982,"Jan",0.05,1,0,0.97
1982,"Feb",0.15,2,0.523598775598299,1.07
1982,"Mar",0.03,3,1.0471975511966,0.95
1982,"Apr",0.15,4,1.5707963267949,1.07
1982,"May",0.18,5,2.0943951023932,1.1
1982,"Jun",0.05,6,2.61799387799149,0.97
1982,"Jul",0.14,7,3.14159265358979,1.06
1982,"Aug",0.03,8,3.66519142918809,0.95
1982,"Sep",0.14,9,4.18879020478639,1.06
1982,"Oct",0.13,10,4.71238898038469,1.05
1982,"Nov",0.18,11,5.23598775598299,1.1
1982,"Dec",0.42,12,5.75958653158129,1.34
1983,"Jan",0.53,1,0,1.45
1983,"Feb",0.43,2,0.523598775598299,1.35
1983,"Mar",0.42,3,1.0471975511966,1.34
1983,"Apr",0.27,4,1.5707963267949,1.19
1983,"May",0.34,5,2.0943951023932,1.26
1983,"Jun",0.22,6,2.61799387799149,1.14
1983,"Jul",0.18,7,3.14159265358979,1.1
1983,"Aug",0.36,8,3.66519142918809,1.28
1983,"Sep",0.37,9,4.18879020478639,1.29
1983,"Oct",0.17,10,4.71238898038469,1.09
1983,"Nov",0.3,11,5.23598775598299,1.22
1983,"Dec",0.16,12,5.75958653158129,1.08
1984,"Jan",0.31,1,0,1.23
1984,"Feb",0.14,2,0.523598775598299,1.06
1984,"Mar",0.26,3,1.0471975511966,1.18
1984,"Apr",0.06,4,1.5707963267949,0.98
1984,"May",0.33,5,2.0943951023932,1.25
1984,"Jun",0.02,6,2.61799387799149,0.94
1984,"Jul",0.19,7,3.14159265358979,1.11
1984,"Aug",0.19,8,3.66519142918809,1.11
1984,"Sep",0.21,9,4.18879020478639,1.13
1984,"Oct",0.13,10,4.71238898038469,1.05
1984,"Nov",0.06,11,5.23598775598299,0.98
1984,"Dec",-0.04,12,5.75958653158129,0.88
1985,"Jan",0.22,1,0,1.14
1985,"Feb",-0.04,2,0.523598775598299,0.88
1985,"Mar",0.17,3,1.0471975511966,1.09
1985,"Apr",0.12,4,1.5707963267949,1.04
1985,"May",0.14,5,2.0943951023932,1.06
1985,"Jun",0.15,6,2.61799387799149,1.07
1985,"Jul",0.04,7,3.14159265358979,0.96
1985,"Aug",0.17,8,3.66519142918809,1.09
1985,"Sep",0.13,9,4.18879020478639,1.05
1985,"Oct",0.12,10,4.71238898038469,1.04
1985,"Nov",0.05,11,5.23598775598299,0.97
1985,"Dec",0.14,12,5.75958653158129,1.06
1986,"Jan",0.26,1,0,1.18
1986,"Feb",0.37,2,0.523598775598299,1.29
1986,"Mar",0.3,3,1.0471975511966,1.22
1986,"Apr",0.22,4,1.5707963267949,1.14
1986,"May",0.21,5,2.0943951023932,1.13
1986,"Jun",0.12,6,2.61799387799149,1.04
1986,"Jul",0.11,7,3.14159265358979,1.03
1986,"Aug",0.16,8,3.66519142918809,1.08
1986,"Sep",0.03,9,4.18879020478639,0.95
1986,"Oct",0.15,10,4.71238898038469,1.07
1986,"Nov",0.1,11,5.23598775598299,1.02
1986,"Dec",0.13,12,5.75958653158129,1.05
1987,"Jan",0.32,1,0,1.24
1987,"Feb",0.43,2,0.523598775598299,1.35
1987,"Mar",0.18,3,1.0471975511966,1.1
1987,"Apr",0.24,4,1.5707963267949,1.16
1987,"May",0.25,5,2.0943951023932,1.17
1987,"Jun",0.35,6,2.61799387799149,1.27
1987,"Jul",0.4,7,3.14159265358979,1.32
1987,"Aug",0.25,8,3.66519142918809,1.17
1987,"Sep",0.35,9,4.18879020478639,1.27
1987,"Oct",0.33,10,4.71238898038469,1.25
1987,"Nov",0.29,11,5.23598775598299,1.21
1987,"Dec",0.46,12,5.75958653158129,1.38
1988,"Jan",0.57,1,0,1.49
1988,"Feb",0.44,2,0.523598775598299,1.36
1988,"Mar",0.52,3,1.0471975511966,1.44
1988,"Apr",0.43,4,1.5707963267949,1.35
1988,"May",0.44,5,2.0943951023932,1.36
1988,"Jun",0.4,6,2.61799387799149,1.32
1988,"Jul",0.33,7,3.14159265358979,1.25
1988,"Aug",0.39,8,3.66519142918809,1.31
1988,"Sep",0.37,9,4.18879020478639,1.29
1988,"Oct",0.38,10,4.71238898038469,1.3
1988,"Nov",0.12,11,5.23598775598299,1.04
1988,"Dec",0.29,12,5.75958653158129,1.21
1989,"Jan",0.12,1,0,1.04
1989,"Feb",0.3,2,0.523598775598299,1.22
1989,"Mar",0.36,3,1.0471975511966,1.28
1989,"Apr",0.29,4,1.5707963267949,1.21
1989,"May",0.17,5,2.0943951023932,1.09
1989,"Jun",0.17,6,2.61799387799149,1.09
1989,"Jul",0.34,7,3.14159265358979,1.26
1989,"Aug",0.33,8,3.66519142918809,1.25
1989,"Sep",0.34,9,4.18879020478639,1.26
1989,"Oct",0.29,10,4.71238898038469,1.21
1989,"Nov",0.2,11,5.23598775598299,1.12
1989,"Dec",0.37,12,5.75958653158129,1.29
1990,"Jan",0.41,1,0,1.33
1990,"Feb",0.44,2,0.523598775598299,1.36
1990,"Mar",0.8,3,1.0471975511966,1.72
1990,"Apr",0.56,4,1.5707963267949,1.48
1990,"May",0.45,5,2.0943951023932,1.37
1990,"Jun",0.37,6,2.61799387799149,1.29
1990,"Jul",0.46,7,3.14159265358979,1.38
1990,"Aug",0.34,8,3.66519142918809,1.26
1990,"Sep",0.23,9,4.18879020478639,1.15
1990,"Oct",0.45,10,4.71238898038469,1.37
1990,"Nov",0.46,11,5.23598775598299,1.38
1990,"Dec",0.41,12,5.75958653158129,1.33
1991,"Jan",0.43,1,0,1.35
1991,"Feb",0.5,2,0.523598775598299,1.42
1991,"Mar",0.36,3,1.0471975511966,1.28
1991,"Apr",0.51,4,1.5707963267949,1.43
1991,"May",0.34,5,2.0943951023932,1.26
1991,"Jun",0.53,6,2.61799387799149,1.45
1991,"Jul",0.48,7,3.14159265358979,1.4
1991,"Aug",0.39,8,3.66519142918809,1.31
1991,"Sep",0.44,9,4.18879020478639,1.36
1991,"Oct",0.29,10,4.71238898038469,1.21
1991,"Nov",0.3,11,5.23598775598299,1.22
1991,"Dec",0.32,12,5.75958653158129,1.24
1992,"Jan",0.48,1,0,1.4
1992,"Feb",0.4,2,0.523598775598299,1.32
1992,"Mar",0.48,3,1.0471975511966,1.4
1992,"Apr",0.27,4,1.5707963267949,1.19
1992,"May",0.31,5,2.0943951023932,1.23
1992,"Jun",0.26,6,2.61799387799149,1.18
1992,"Jul",0.09,7,3.14159265358979,1.01
1992,"Aug",0.08,8,3.66519142918809,1
1992,"Sep",-0.01,9,4.18879020478639,0.91
1992,"Oct",0.07,10,4.71238898038469,0.99
1992,"Nov",0.03,11,5.23598775598299,0.95
1992,"Dec",0.22,12,5.75958653158129,1.14
1993,"Jan",0.34,1,0,1.26
1993,"Feb",0.37,2,0.523598775598299,1.29
1993,"Mar",0.36,3,1.0471975511966,1.28
1993,"Apr",0.28,4,1.5707963267949,1.2
1993,"May",0.28,5,2.0943951023932,1.2
1993,"Jun",0.23,6,2.61799387799149,1.15
1993,"Jul",0.25,7,3.14159265358979,1.17
1993,"Aug",0.11,8,3.66519142918809,1.03
1993,"Sep",0.11,9,4.18879020478639,1.03
1993,"Oct",0.23,10,4.71238898038469,1.15
1993,"Nov",0.04,11,5.23598775598299,0.96
1993,"Dec",0.18,12,5.75958653158129,1.1
1994,"Jan",0.26,1,0,1.18
1994,"Feb",0.02,2,0.523598775598299,0.94
1994,"Mar",0.29,3,1.0471975511966,1.21
1994,"Apr",0.42,4,1.5707963267949,1.34
1994,"May",0.28,5,2.0943951023932,1.2
1994,"Jun",0.43,6,2.61799387799149,1.35
1994,"Jul",0.3,7,3.14159265358979,1.22
1994,"Aug",0.21,8,3.66519142918809,1.13
1994,"Sep",0.31,9,4.18879020478639,1.23
1994,"Oct",0.43,10,4.71238898038469,1.35
1994,"Nov",0.44,11,5.23598775598299,1.36
1994,"Dec",0.39,12,5.75958653158129,1.31
1995,"Jan",0.52,1,0,1.44
1995,"Feb",0.79,2,0.523598775598299,1.71
1995,"Mar",0.47,3,1.0471975511966,1.39
1995,"Apr",0.47,4,1.5707963267949,1.39
1995,"May",0.27,5,2.0943951023932,1.19
1995,"Jun",0.43,6,2.61799387799149,1.35
1995,"Jul",0.45,7,3.14159265358979,1.37
1995,"Aug",0.45,8,3.66519142918809,1.37
1995,"Sep",0.33,9,4.18879020478639,1.25
1995,"Oct",0.46,10,4.71238898038469,1.38
1995,"Nov",0.45,11,5.23598775598299,1.37
1995,"Dec",0.26,12,5.75958653158129,1.18
1996,"Jan",0.24,1,0,1.16
1996,"Feb",0.46,2,0.523598775598299,1.38
1996,"Mar",0.33,3,1.0471975511966,1.25
1996,"Apr",0.33,4,1.5707963267949,1.25
1996,"May",0.27,5,2.0943951023932,1.19
1996,"Jun",0.25,6,2.61799387799149,1.17
1996,"Jul",0.37,7,3.14159265358979,1.29
1996,"Aug",0.48,8,3.66519142918809,1.4
1996,"Sep",0.25,9,4.18879020478639,1.17
1996,"Oct",0.22,10,4.71238898038469,1.14
1996,"Nov",0.42,11,5.23598775598299,1.34
1996,"Dec",0.37,12,5.75958653158129,1.29
1997,"Jan",0.32,1,0,1.24
1997,"Feb",0.41,2,0.523598775598299,1.33
1997,"Mar",0.52,3,1.0471975511966,1.44
1997,"Apr",0.34,4,1.5707963267949,1.26
1997,"May",0.35,5,2.0943951023932,1.27
1997,"Jun",0.55,6,2.61799387799149,1.47
1997,"Jul",0.34,7,3.14159265358979,1.26
1997,"Aug",0.41,8,3.66519142918809,1.33
1997,"Sep",0.52,9,4.18879020478639,1.44
1997,"Oct",0.61,10,4.71238898038469,1.53
1997,"Nov",0.64,11,5.23598775598299,1.56
1997,"Dec",0.59,12,5.75958653158129,1.51
1998,"Jan",0.58,1,0,1.5
1998,"Feb",0.88,2,0.523598775598299,1.8
1998,"Mar",0.63,3,1.0471975511966,1.55
1998,"Apr",0.64,4,1.5707963267949,1.56
1998,"May",0.68,5,2.0943951023932,1.6
1998,"Jun",0.77,6,2.61799387799149,1.69
1998,"Jul",0.66,7,3.14159265358979,1.58
1998,"Aug",0.65,8,3.66519142918809,1.57
1998,"Sep",0.42,9,4.18879020478639,1.34
1998,"Oct",0.42,10,4.71238898038469,1.34
1998,"Nov",0.43,11,5.23598775598299,1.35
1998,"Dec",0.55,12,5.75958653158129,1.47
1999,"Jan",0.48,1,0,1.4
1999,"Feb",0.64,2,0.523598775598299,1.56
1999,"Mar",0.32,3,1.0471975511966,1.24
1999,"Apr",0.32,4,1.5707963267949,1.24
1999,"May",0.26,5,2.0943951023932,1.18
1999,"Jun",0.36,6,2.61799387799149,1.28
1999,"Jul",0.38,7,3.14159265358979,1.3
1999,"Aug",0.32,8,3.66519142918809,1.24
1999,"Sep",0.39,9,4.18879020478639,1.31
1999,"Oct",0.34,10,4.71238898038469,1.26
1999,"Nov",0.37,11,5.23598775598299,1.29
1999,"Dec",0.41,12,5.75958653158129,1.33
2000,"Jan",0.25,1,0,1.17
2000,"Feb",0.56,2,0.523598775598299,1.48
2000,"Mar",0.55,3,1.0471975511966,1.47
2000,"Apr",0.56,4,1.5707963267949,1.48
2000,"May",0.36,5,2.0943951023932,1.28
2000,"Jun",0.4,6,2.61799387799149,1.32
2000,"Jul",0.39,7,3.14159265358979,1.31
2000,"Aug",0.42,8,3.66519142918809,1.34
2000,"Sep",0.39,9,4.18879020478639,1.31
2000,"Oct",0.27,10,4.71238898038469,1.19
2000,"Nov",0.3,11,5.23598775598299,1.22
2000,"Dec",0.28,12,5.75958653158129,1.2
2001,"Jan",0.45,1,0,1.37
2001,"Feb",0.44,2,0.523598775598299,1.36
2001,"Mar",0.55,3,1.0471975511966,1.47
2001,"Apr",0.5,4,1.5707963267949,1.42
2001,"May",0.57,5,2.0943951023932,1.49
2001,"Jun",0.52,6,2.61799387799149,1.44
2001,"Jul",0.59,7,3.14159265358979,1.51
2001,"Aug",0.49,8,3.66519142918809,1.41
2001,"Sep",0.52,9,4.18879020478639,1.44
2001,"Oct",0.5,10,4.71238898038469,1.42
2001,"Nov",0.72,11,5.23598775598299,1.64
2001,"Dec",0.55,12,5.75958653158129,1.47
2002,"Jan",0.77,1,0,1.69
2002,"Feb",0.78,2,0.523598775598299,1.7
2002,"Mar",0.88,3,1.0471975511966,1.8
2002,"Apr",0.58,4,1.5707963267949,1.5
2002,"May",0.64,5,2.0943951023932,1.56
2002,"Jun",0.53,6,2.61799387799149,1.45
2002,"Jul",0.62,7,3.14159265358979,1.54
2002,"Aug",0.54,8,3.66519142918809,1.46
2002,"Sep",0.64,9,4.18879020478639,1.56
2002,"Oct",0.54,10,4.71238898038469,1.46
2002,"Nov",0.59,11,5.23598775598299,1.51
2002,"Dec",0.44,12,5.75958653158129,1.36
2003,"Jan",0.74,1,0,1.66
2003,"Feb",0.58,2,0.523598775598299,1.5
2003,"Mar",0.6,3,1.0471975511966,1.52
2003,"Apr",0.55,4,1.5707963267949,1.47
2003,"May",0.61,5,2.0943951023932,1.53
2003,"Jun",0.48,6,2.61799387799149,1.4
2003,"Jul",0.58,7,3.14159265358979,1.5
2003,"Aug",0.64,8,3.66519142918809,1.56
2003,"Sep",0.62,9,4.18879020478639,1.54
2003,"Oct",0.72,10,4.71238898038469,1.64
2003,"Nov",0.53,11,5.23598775598299,1.45
2003,"Dec",0.75,12,5.75958653158129,1.67
2004,"Jan",0.58,1,0,1.5
2004,"Feb",0.73,2,0.523598775598299,1.65
2004,"Mar",0.63,3,1.0471975511966,1.55
2004,"Apr",0.61,4,1.5707963267949,1.53
2004,"May",0.37,5,2.0943951023932,1.29
2004,"Jun",0.44,6,2.61799387799149,1.36
2004,"Jul",0.26,7,3.14159265358979,1.18
2004,"Aug",0.45,8,3.66519142918809,1.37
2004,"Sep",0.5,9,4.18879020478639,1.42
2004,"Oct",0.61,10,4.71238898038469,1.53
2004,"Nov",0.73,11,5.23598775598299,1.65
2004,"Dec",0.5,12,5.75958653158129,1.42
2005,"Jan",0.75,1,0,1.67
2005,"Feb",0.6,2,0.523598775598299,1.52
2005,"Mar",0.74,3,1.0471975511966,1.66
2005,"Apr",0.67,4,1.5707963267949,1.59
2005,"May",0.63,5,2.0943951023932,1.55
2005,"Jun",0.65,6,2.61799387799149,1.57
2005,"Jul",0.61,7,3.14159265358979,1.53
2005,"Aug",0.6,8,3.66519142918809,1.52
2005,"Sep",0.72,9,4.18879020478639,1.64
2005,"Oct",0.76,10,4.71238898038469,1.68
2005,"Nov",0.74,11,5.23598775598299,1.66
2005,"Dec",0.68,12,5.75958653158129,1.6
2006,"Jan",0.56,1,0,1.48
2006,"Feb",0.74,2,0.523598775598299,1.66
2006,"Mar",0.63,3,1.0471975511966,1.55
2006,"Apr",0.47,4,1.5707963267949,1.39
2006,"May",0.48,5,2.0943951023932,1.4
2006,"Jun",0.66,6,2.61799387799149,1.58
2006,"Jul",0.54,7,3.14159265358979,1.46
2006,"Aug",0.71,8,3.66519142918809,1.63
2006,"Sep",0.66,9,4.18879020478639,1.58
2006,"Oct",0.71,10,4.71238898038469,1.63
2006,"Nov",0.74,11,5.23598775598299,1.66
2006,"Dec",0.79,12,5.75958653158129,1.71
2007,"Jan",1.02,1,0,1.94
2007,"Feb",0.7,2,0.523598775598299,1.62
2007,"Mar",0.72,3,1.0471975511966,1.64
2007,"Apr",0.76,4,1.5707963267949,1.68
2007,"May",0.69,5,2.0943951023932,1.61
2007,"Jun",0.61,6,2.61799387799149,1.53
2007,"Jul",0.6,7,3.14159265358979,1.52
2007,"Aug",0.6,8,3.66519142918809,1.52
2007,"Sep",0.61,9,4.18879020478639,1.53
2007,"Oct",0.59,10,4.71238898038469,1.51
2007,"Nov",0.59,11,5.23598775598299,1.51
2007,"Dec",0.5,12,5.75958653158129,1.42
2008,"Jan",0.3,1,0,1.22
2008,"Feb",0.38,2,0.523598775598299,1.3
2008,"Mar",0.75,3,1.0471975511966,1.67
2008,"Apr",0.54,4,1.5707963267949,1.46
2008,"May",0.5,5,2.0943951023932,1.42
2008,"Jun",0.49,6,2.61799387799149,1.41
2008,"Jul",0.6,7,3.14159265358979,1.52
2008,"Aug",0.46,8,3.66519142918809,1.38
2008,"Sep",0.61,9,4.18879020478639,1.53
2008,"Oct",0.67,10,4.71238898038469,1.59
2008,"Nov",0.7,11,5.23598775598299,1.62
2008,"Dec",0.54,12,5.75958653158129,1.46
2009,"Jan",0.65,1,0,1.57
2009,"Feb",0.53,2,0.523598775598299,1.45
2009,"Mar",0.53,3,1.0471975511966,1.45
2009,"Apr",0.61,4,1.5707963267949,1.53
2009,"May",0.66,5,2.0943951023932,1.58
2009,"Jun",0.64,6,2.61799387799149,1.56
2009,"Jul",0.74,7,3.14159265358979,1.66
2009,"Aug",0.69,8,3.66519142918809,1.61
2009,"Sep",0.72,9,4.18879020478639,1.64
2009,"Oct",0.65,10,4.71238898038469,1.57
2009,"Nov",0.8,11,5.23598775598299,1.72
2009,"Dec",0.67,12,5.75958653158129,1.59
2010,"Jan",0.75,1,0,1.67
2010,"Feb",0.84,2,0.523598775598299,1.76
2010,"Mar",0.92,3,1.0471975511966,1.84
2010,"Apr",0.85,4,1.5707963267949,1.77
2010,"May",0.76,5,2.0943951023932,1.68
2010,"Jun",0.68,6,2.61799387799149,1.6
2010,"Jul",0.63,7,3.14159265358979,1.55
2010,"Aug",0.67,8,3.66519142918809,1.59
2010,"Sep",0.63,9,4.18879020478639,1.55
2010,"Oct",0.71,10,4.71238898038469,1.63
2010,"Nov",0.82,11,5.23598775598299,1.74
2010,"Dec",0.45,12,5.75958653158129,1.37
2011,"Jan",0.52,1,0,1.44
2011,"Feb",0.48,2,0.523598775598299,1.4
2011,"Mar",0.66,3,1.0471975511966,1.58
2011,"Apr",0.64,4,1.5707963267949,1.56
2011,"May",0.53,5,2.0943951023932,1.45
2011,"Jun",0.63,6,2.61799387799149,1.55
2011,"Jul",0.7,7,3.14159265358979,1.62
2011,"Aug",0.75,8,3.66519142918809,1.67
2011,"Sep",0.56,9,4.18879020478639,1.48
2011,"Oct",0.65,10,4.71238898038469,1.57
2011,"Nov",0.59,11,5.23598775598299,1.51
2011,"Dec",0.6,12,5.75958653158129,1.52
2012,"Jan",0.47,1,0,1.39
2012,"Feb",0.48,2,0.523598775598299,1.4
2012,"Mar",0.57,3,1.0471975511966,1.49
2012,"Apr",0.73,4,1.5707963267949,1.65
2012,"May",0.78,5,2.0943951023932,1.7
2012,"Jun",0.65,6,2.61799387799149,1.57
2012,"Jul",0.59,7,3.14159265358979,1.51
2012,"Aug",0.66,8,3.66519142918809,1.58
2012,"Sep",0.72,9,4.18879020478639,1.64
2012,"Oct",0.8,10,4.71238898038469,1.72
2012,"Nov",0.78,11,5.23598775598299,1.7
2012,"Dec",0.53,12,5.75958653158129,1.45
2013,"Jan",0.71,1,0,1.63
2013,"Feb",0.62,2,0.523598775598299,1.54
2013,"Mar",0.67,3,1.0471975511966,1.59
2013,"Apr",0.53,4,1.5707963267949,1.45
2013,"May",0.6,5,2.0943951023932,1.52
2013,"Jun",0.7,6,2.61799387799149,1.62
2013,"Jul",0.6,7,3.14159265358979,1.52
2013,"Aug",0.71,8,3.66519142918809,1.63
2013,"Sep",0.77,9,4.18879020478639,1.69
2013,"Oct",0.69,10,4.71238898038469,1.61
2013,"Nov",0.83,11,5.23598775598299,1.75
2013,"Dec",0.7,12,5.75958653158129,1.62
2014,"Jan",0.77,1,0,1.69
2014,"Feb",0.55,2,0.523598775598299,1.47
2014,"Mar",0.78,3,1.0471975511966,1.7
2014,"Apr",0.81,4,1.5707963267949,1.73
2014,"May",0.87,5,2.0943951023932,1.79
2014,"Jun",0.67,6,2.61799387799149,1.59
2014,"Jul",0.58,7,3.14159265358979,1.5
2014,"Aug",0.84,8,3.66519142918809,1.76
2014,"Sep",0.88,9,4.18879020478639,1.8
2014,"Oct",0.8,10,4.71238898038469,1.72
2014,"Nov",0.67,11,5.23598775598299,1.59
2014,"Dec",0.79,12,5.75958653158129,1.71
2015,"Jan",0.87,1,0,1.79
2015,"Feb",0.91,2,0.523598775598299,1.83
2015,"Mar",0.96,3,1.0471975511966,1.88
2015,"Apr",0.75,4,1.5707963267949,1.67
2015,"May",0.8,5,2.0943951023932,1.72
2015,"Jun",0.81,6,2.61799387799149,1.73
2015,"Jul",0.73,7,3.14159265358979,1.65
2015,"Aug",0.8,8,3.66519142918809,1.72
2015,"Sep",0.84,9,4.18879020478639,1.76
2015,"Oct",1.08,10,4.71238898038469,2
2015,"Nov",1.06,11,5.23598775598299,1.98
2015,"Dec",1.17,12,5.75958653158129,2.09
2016,"Jan",1.18,1,0,2.1
2016,"Feb",1.37,2,0.523598775598299,2.29
2016,"Mar",1.35,3,1.0471975511966,2.27
2016,"Apr",1.09,4,1.5707963267949,2.01
2016,"May",0.96,5,2.0943951023932,1.88
2016,"Jun",0.81,6,2.61799387799149,1.73
2016,"Jul",0.85,7,3.14159265358979,1.77
2016,"Aug",1.02,8,3.66519142918809,1.94
2016,"Sep",0.9,9,4.18879020478639,1.82
2016,"Oct",0.87,10,4.71238898038469,1.79
2016,"Nov",0.91,11,5.23598775598299,1.83
2016,"Dec",0.86,12,5.75958653158129,1.78
2017,"Jan",1.02,1,0,1.94
2017,"Feb",1.14,2,0.523598775598299,2.06
2017,"Mar",1.17,3,1.0471975511966,2.09
2017,"Apr",0.94,4,1.5707963267949,1.86
2017,"May",0.91,5,2.0943951023932,1.83
2017,"Jun",0.71,6,2.61799387799149,1.63
2017,"Jul",0.82,7,3.14159265358979,1.74
2017,"Aug",0.88,8,3.66519142918809,1.8
2017,"Sep",0.74,9,4.18879020478639,1.66
2017,"Oct",0.89,10,4.71238898038469,1.81
2017,"Nov",0.87,11,5.23598775598299,1.79
2017,"Dec",0.93,12,5.75958653158129,1.85
2018,"Jan",0.82,1,0,1.74
2018,"Feb",0.85,2,0.523598775598299,1.77
2018,"Mar",0.88,3,1.0471975511966,1.8
2018,"Apr",0.89,4,1.5707963267949,1.81
2018,"May",0.81,5,2.0943951023932,1.73
2018,"Jun",0.77,6,2.61799387799149,1.69
2018,"Jul",0.84,7,3.14159265358979,1.76
2018,"Aug",0.78,8,3.66519142918809,1.7
2018,"Sep",0.8,9,4.18879020478639,1.72
2018,"Oct",1.02,10,4.71238898038469,1.94
2018,"Nov",0.83,11,5.23598775598299,1.75
2018,"Dec",0.93,12,5.75958653158129,1.85
2019,"Jan",0.93,1,0,1.85
2019,"Feb",0.96,2,0.523598775598299,1.88
2019,"Mar",1.17,3,1.0471975511966,2.09
2019,"Apr",1.01,4,1.5707963267949,1.93
2019,"May",0.86,5,2.0943951023932,1.78
2019,"Jun",0.9,6,2.61799387799149,1.82
2019,"Jul",0.94,7,3.14159265358979,1.86
2019,"Aug",0.95,8,3.66519142918809,1.87
2019,"Sep",0.93,9,4.18879020478639,1.85
2019,"Oct",1,10,4.71238898038469,1.92
2019,"Nov",0.99,11,5.23598775598299,1.91
2019,"Dec",1.12,12,5.75958653158129,2.04
2020,"Jan",1.18,1,0,2.1
2020,"Feb",1.24,2,0.523598775598299,2.16
2020,"Mar",1.18,3,1.0471975511966,2.1
2020,"Apr",1.12,4,1.5707963267949,2.04
2020,"May",0.99,5,2.0943951023932,1.91
2020,"Jun",0.91,6,2.61799387799149,1.83
2020,"Jul",0.89,7,3.14159265358979,1.81
2020,"Aug",0.86,8,3.66519142918809,1.78
2020,"Sep",0.97,9,4.18879020478639,1.89
2020,"Oct",0.87,10,4.71238898038469,1.79
2020,"Nov",1.09,11,5.23598775598299,2.01
2020,"Dec",0.8,12,5.75958653158129,1.72
2021,"Jan",0.81,1,0,1.73
2021,"Feb",0.64,2,0.523598775598299,1.56
2021,"Mar",0.89,3,1.0471975511966,1.81
2021,"Apr",0.76,4,1.5707963267949,1.68
2021,"May",0.79,5,2.0943951023932,1.71
2021,"Jun",0.85,6,2.61799387799149,1.77
2021,"Jul",0.92,7,3.14159265358979,1.84
2021,"Aug",0.81,8,3.66519142918809,1.73
2021,"Sep",0.93,9,4.18879020478639,1.85
2021,"Oct",0.99,10,4.71238898038469,1.91
2021,"Nov",0.93,11,5.23598775598299,1.85
2021,"Dec",0.87,12,5.75958653158129,1.79
2022,"Jan",0.91,1,0,1.83
2022,"Feb",0.89,2,0.523598775598299,1.81
2022,"Mar",1.05,3,1.0471975511966,1.97
2022,"Apr",0.84,4,1.5707963267949,1.76
2022,"May",0.84,5,2.0943951023932,1.76
2022,"Jun",0.92,6,2.61799387799149,1.84
2022,"Jul",0.94,7,3.14159265358979,1.86
2022,"Aug",0.95,8,3.66519142918809,1.87
2022,"Sep",0.89,9,4.18879020478639,1.81
2022,"Oct",0.97,10,4.71238898038469,1.89
2022,"Nov",0.73,11,5.23598775598299,1.65
2022,"Dec",0.8,12,5.75958653158129,1.72
2023,"Jan",0.88,1,0,1.8
2023,"Feb",0.97,2,0.523598775598299,1.89
2023,"Mar",1.23,3,1.0471975511966,2.15
2023,"Apr",0.99,4,1.5707963267949,1.91
2023,"May",0.94,5,2.0943951023932,1.86
2023,"Jun",1.09,6,2.61799387799149,2.01
2023,"Jul",1.2,7,3.14159265358979,2.12
2023,"Aug",1.19,8,3.66519142918809,2.11
2023,"Sep",1.48,9,4.18879020478639,2.4
2023,"Oct",1.34,10,4.71238898038469,2.26
2023,"Nov",1.4,11,5.23598775598299,2.32
2023,"Dec",1.37,12,5.75958653158129,2.29
2024,"Jan",1.25,1,0,2.17
2024,"Feb",1.44,2,0.523598775598299,2.36
2024,"Mar",1.39,3,1.0471975511966,2.31
2024,"Apr",1.31,4,1.5707963267949,2.23
2024,"May",1.15,5,2.0943951023932,2.07
2024,"Jun",1.2,6,2.61799387799149,2.12
2024,"Jul",1.2,7,3.14159265358979,2.12
2024,"Aug",1.29,8,3.66519142918809,2.21
2024,"Sep",1.24,9,4.18879020478639,2.16
2024,"Oct",1.33,10,4.71238898038469,2.25
2024,"Nov",1.3,11,5.23598775598299,2.22
2024,"Dec",1.27,12,5.75958653158129,2.19
2025,"Jan",1.38,1,0,2.3
2025,"Feb",1.26,2,0.523598775598299,2.18
2025,"Mar",1.36,3,1.0471975511966,2.28
2025,"Apr",1.23,4,1.5707963267949,2.15
2025,"May",1.08,5,2.0943951023932,2
2025,"Jun",1.05,6,2.61799387799149,1.97
2025,"Jul",1.02,7,3.14159265358979,1.94
2025,"Aug",1.16,8,3.66519142918809,2.08
2025,"Sep",1.25,9,4.18879020478639,2.17
2025,"Oct",1.19,10,4.71238898038469,2.11
2025,"Nov",1.21,11,5.23598775598299,2.13
2025,"Dec",1.05,12,5.75958653158129,1.97
